-0.99950000  4.11672389
-0.99900000  3.86338064
-0.99850000  3.71567718
-0.99800000  3.61117855
-0.99750000  3.53032919
-0.99700000  3.46442310
-0.99650000  3.40881865
-0.99600000  3.36074659
-0.99550000  3.31842162
-0.99500000  3.28062534
-0.99450000  3.24648917
-0.99400000  3.21537211
-0.99350000  3.18678760
-0.99300000  3.16035762
-0.99250000  3.13578268
-0.99200000  3.11282142
-0.99150000  3.09127656
-0.99100000  3.07098474
-0.99050000  3.05180920
-0.99000000  3.03363428
-0.98950000  3.01636133
-0.98900000  2.99990550
-0.98850000  2.98419331
-0.98800000  2.96916069
-0.98750000  2.95475145
-0.98700000  2.94091604
-0.98650000  2.92761055
-0.98600000  2.91479587
-0.98550000  2.90243704
-0.98500000  2.89050265
-0.98450000  2.87896441
-0.98400000  2.86779675
-0.98350000  2.85697644
-0.98300000  2.84648238
-0.98250000  2.83629527
-0.98200000  2.82639749
-0.98150000  2.81677286
-0.98100000  2.80740651
-0.98050000  2.79828471
-0.98000000  2.78939481
-0.97950000  2.78072509
-0.97900000  2.77226468
-0.97850000  2.76400349
-0.97800000  2.75593213
-0.97750000  2.74804183
-0.97700000  2.74032443
-0.97650000  2.73277228
-0.97600000  2.72537823
-0.97550000  2.71813556
-0.97500000  2.71103797
-0.97450000  2.70407955
-0.97400000  2.69725470
-0.97350000  2.69055819
-0.97300000  2.68398504
-0.97250000  2.67753059
-0.97200000  2.67119039
-0.97150000  2.66496027
-0.97100000  2.65883625
-0.97050000  2.65281456
-0.97000000  2.64689164
-0.96950000  2.64106410
-0.96900000  2.63532869
-0.96850000  2.62968236
-0.96800000  2.62412218
-0.96750000  2.61864537
-0.96700000  2.61324926
-0.96650000  2.60793132
-0.96600000  2.60268913
-0.96550000  2.59752037
-0.96500000  2.59242283
-0.96450000  2.58739438
-0.96400000  2.58243301
-0.96350000  2.57753676
-0.96300000  2.57270378
-0.96250000  2.56793226
-0.96200000  2.56322051
-0.96150000  2.55856686
-0.96100000  2.55396974
-0.96050000  2.54942762
-0.96000000  2.54493904
-0.95950000  2.54050258
-0.95900000  2.53611691
-0.95850000  2.53178070
-0.95800000  2.52749269
-0.95750000  2.52325168
-0.95700000  2.51905650
-0.95650000  2.51490601
-0.95600000  2.51079912
-0.95550000  2.50673479
-0.95500000  2.50271199
-0.95450000  2.49872974
-0.95400000  2.49478710
-0.95350000  2.49088314
-0.95300000  2.48701697
-0.95250000  2.48318773
-0.95200000  2.47939460
-0.95150000  2.47563676
-0.95100000  2.47191344
-0.95050000  2.46822387
-0.95000000  2.46456732
-0.94950000  2.46094308
-0.94900000  2.45735046
-0.94850000  2.45378879
-0.94800000  2.45025743
-0.94750000  2.44675572
-0.94700000  2.44328308
-0.94650000  2.43983889
-0.94600000  2.43642259
-0.94550000  2.43303360
-0.94500000  2.42967139
-0.94450000  2.42633542
-0.94400000  2.42302517
-0.94350000  2.41974014
-0.94300000  2.41647985
-0.94250000  2.41324381
-0.94200000  2.41003156
-0.94150000  2.40684265
-0.94100000  2.40367664
-0.94050000  2.40053310
-0.94000000  2.39741162
-0.93950000  2.39431178
-0.93900000  2.39123319
-0.93850000  2.38817547
-0.93800000  2.38513823
-0.93750000  2.38212110
-0.93700000  2.37912374
-0.93650000  2.37614579
-0.93600000  2.37318690
-0.93550000  2.37024674
-0.93500000  2.36732499
-0.93450000  2.36442133
-0.93400000  2.36153545
-0.93350000  2.35866704
-0.93300000  2.35581580
-0.93250000  2.35298146
-0.93200000  2.35016371
-0.93150000  2.34736230
-0.93100000  2.34457694
-0.93050000  2.34180737
-0.93000000  2.33905333
-0.92950000  2.33631457
-0.92900000  2.33359083
-0.92850000  2.33088189
-0.92800000  2.32818750
-0.92750000  2.32550742
-0.92700000  2.32284144
-0.92650000  2.32018932
-0.92600000  2.31755085
-0.92550000  2.31492582
-0.92500000  2.31231401
-0.92450000  2.30971523
-0.92400000  2.30712927
-0.92350000  2.30455593
-0.92300000  2.30199502
-0.92250000  2.29944636
-0.92200000  2.29690975
-0.92150000  2.29438502
-0.92100000  2.29187198
-0.92050000  2.28937047
-0.92000000  2.28688031
-0.91950000  2.28440134
-0.91900000  2.28193338
-0.91850000  2.27947628
-0.91800000  2.27702989
-0.91750000  2.27459403
-0.91700000  2.27216857
-0.91650000  2.26975334
-0.91600000  2.26734821
-0.91550000  2.26495303
-0.91500000  2.26256766
-0.91450000  2.26019195
-0.91400000  2.25782578
-0.91350000  2.25546900
-0.91300000  2.25312149
-0.91250000  2.25078312
-0.91200000  2.24845375
-0.91150000  2.24613326
-0.91100000  2.24382154
-0.91050000  2.24151846
-0.91000000  2.23922389
-0.90950000  2.23693774
-0.90900000  2.23465987
-0.90850000  2.23239017
-0.90800000  2.23012855
-0.90750000  2.22787488
-0.90700000  2.22562906
-0.90650000  2.22339098
-0.90600000  2.22116055
-0.90550000  2.21893765
-0.90500000  2.21672219
-0.90450000  2.21451407
-0.90400000  2.21231320
-0.90350000  2.21011947
-0.90300000  2.20793279
-0.90250000  2.20575308
-0.90200000  2.20358023
-0.90150000  2.20141417
-0.90100000  2.19925480
-0.90050000  2.19710203
-0.90000000  2.19495578
-0.89950000  2.19281597
-0.89900000  2.19068251
-0.89850000  2.18855532
-0.89800000  2.18643432
-0.89750000  2.18431943
-0.89700000  2.18221058
-0.89650000  2.18010768
-0.89600000  2.17801067
-0.89550000  2.17591946
-0.89500000  2.17383399
-0.89450000  2.17175418
-0.89400000  2.16967995
-0.89350000  2.16761125
-0.89300000  2.16554800
-0.89250000  2.16349013
-0.89200000  2.16143758
-0.89150000  2.15939027
-0.89100000  2.15734815
-0.89050000  2.15531115
-0.89000000  2.15327921
-0.88950000  2.15125226
-0.88900000  2.14923024
-0.88850000  2.14721309
-0.88800000  2.14520076
-0.88750000  2.14319317
-0.88700000  2.14119028
-0.88650000  2.13919203
-0.88600000  2.13719836
-0.88550000  2.13520921
-0.88500000  2.13322453
-0.88450000  2.13124427
-0.88400000  2.12926837
-0.88350000  2.12729677
-0.88300000  2.12532943
-0.88250000  2.12336630
-0.88200000  2.12140732
-0.88150000  2.11945244
-0.88100000  2.11750161
-0.88050000  2.11555479
-0.88000000  2.11361193
-0.87950000  2.11167298
-0.87900000  2.10973789
-0.87850000  2.10780661
-0.87800000  2.10587911
-0.87750000  2.10395533
-0.87700000  2.10203523
-0.87650000  2.10011876
-0.87600000  2.09820589
-0.87550000  2.09629657
-0.87500000  2.09439076
-0.87450000  2.09248841
-0.87400000  2.09058948
-0.87350000  2.08869394
-0.87300000  2.08680175
-0.87250000  2.08491285
-0.87200000  2.08302722
-0.87150000  2.08114482
-0.87100000  2.07926560
-0.87050000  2.07738954
-0.87000000  2.07551658
-0.86950000  2.07364670
-0.86900000  2.07177986
-0.86850000  2.06991601
-0.86800000  2.06805514
-0.86750000  2.06619720
-0.86700000  2.06434215
-0.86650000  2.06248997
-0.86600000  2.06064061
-0.86550000  2.05879405
-0.86500000  2.05695025
-0.86450000  2.05510917
-0.86400000  2.05327080
-0.86350000  2.05143509
-0.86300000  2.04960201
-0.86250000  2.04777153
-0.86200000  2.04594362
-0.86150000  2.04411825
-0.86100000  2.04229539
-0.86050000  2.04047501
-0.86000000  2.03865708
-0.85950000  2.03684158
-0.85900000  2.03502846
-0.85850000  2.03321771
-0.85800000  2.03140929
-0.85750000  2.02960318
-0.85700000  2.02779935
-0.85650000  2.02599777
-0.85600000  2.02419842
-0.85550000  2.02240126
-0.85500000  2.02060628
-0.85450000  2.01881344
-0.85400000  2.01702273
-0.85350000  2.01523411
-0.85300000  2.01344756
-0.85250000  2.01166305
-0.85200000  2.00988057
-0.85150000  2.00810008
-0.85100000  2.00632156
-0.85050000  2.00454499
-0.85000000  2.00277034
-0.84950000  2.00099759
-0.84900000  1.99922672
-0.84850000  1.99745771
-0.84800000  1.99569052
-0.84750000  1.99392515
-0.84700000  1.99216156
-0.84650000  1.99039974
-0.84600000  1.98863966
-0.84550000  1.98688130
-0.84500000  1.98512465
-0.84450000  1.98336967
-0.84400000  1.98161635
-0.84350000  1.97986467
-0.84300000  1.97811461
-0.84250000  1.97636615
-0.84200000  1.97461926
-0.84150000  1.97287394
-0.84100000  1.97113015
-0.84050000  1.96938788
-0.84000000  1.96764711
-0.83950000  1.96590782
-0.83900000  1.96416999
-0.83850000  1.96243361
-0.83800000  1.96069865
-0.83750000  1.95896510
-0.83700000  1.95723293
-0.83650000  1.95550214
-0.83600000  1.95377270
-0.83550000  1.95204460
-0.83500000  1.95031782
-0.83450000  1.94859233
-0.83400000  1.94686814
-0.83350000  1.94514520
-0.83300000  1.94342352
-0.83250000  1.94170308
-0.83200000  1.93998385
-0.83150000  1.93826583
-0.83100000  1.93654899
-0.83050000  1.93483332
-0.83000000  1.93311881
-0.82950000  1.93140543
-0.82900000  1.92969318
-0.82850000  1.92798204
-0.82800000  1.92627199
-0.82750000  1.92456301
-0.82700000  1.92285511
-0.82650000  1.92114825
-0.82600000  1.91944242
-0.82550000  1.91773762
-0.82500000  1.91603382
-0.82450000  1.91433101
-0.82400000  1.91262918
-0.82350000  1.91092831
-0.82300000  1.90922840
-0.82250000  1.90752942
-0.82200000  1.90583136
-0.82150000  1.90413422
-0.82100000  1.90243797
-0.82050000  1.90074260
-0.82000000  1.89904811
-0.81950000  1.89735447
-0.81900000  1.89566168
-0.81850000  1.89396971
-0.81800000  1.89227857
-0.81750000  1.89058824
-0.81700000  1.88889870
-0.81650000  1.88720995
-0.81600000  1.88552197
-0.81550000  1.88383474
-0.81500000  1.88214827
-0.81450000  1.88046253
-0.81400000  1.87877751
-0.81350000  1.87709321
-0.81300000  1.87540961
-0.81250000  1.87372670
-0.81200000  1.87204447
-0.81150000  1.87036290
-0.81100000  1.86868200
-0.81050000  1.86700174
-0.81000000  1.86532211
-0.80950000  1.86364311
-0.80900000  1.86196473
-0.80850000  1.86028694
-0.80800000  1.85860976
-0.80750000  1.85693315
-0.80700000  1.85525712
-0.80650000  1.85358165
-0.80600000  1.85190673
-0.80550000  1.85023236
-0.80500000  1.84855852
-0.80450000  1.84688520
-0.80400000  1.84521240
-0.80350000  1.84354010
-0.80300000  1.84186829
-0.80250000  1.84019697
-0.80200000  1.83852613
-0.80150000  1.83685575
-0.80100000  1.83518583
-0.80050000  1.83351636
-0.80000000  1.83184733
-0.79950000  1.83017873
-0.79900000  1.82851055
-0.79850000  1.82684279
-0.79800000  1.82517543
-0.79750000  1.82350846
-0.79700000  1.82184188
-0.79650000  1.82017569
-0.79600000  1.81850986
-0.79550000  1.81684439
-0.79500000  1.81517928
-0.79450000  1.81351451
-0.79400000  1.81185008
-0.79350000  1.81018599
-0.79300000  1.80852221
-0.79250000  1.80685875
-0.79200000  1.80519559
-0.79150000  1.80353273
-0.79100000  1.80187016
-0.79050000  1.80020788
-0.79000000  1.79854587
-0.78950000  1.79688413
-0.78900000  1.79522265
-0.78850000  1.79356142
-0.78800000  1.79190044
-0.78750000  1.79023970
-0.78700000  1.78857919
-0.78650000  1.78691891
-0.78600000  1.78525884
-0.78550000  1.78359899
-0.78500000  1.78193933
-0.78450000  1.78027988
-0.78400000  1.77862061
-0.78350000  1.77696153
-0.78300000  1.77530263
-0.78250000  1.77364389
-0.78200000  1.77198532
-0.78150000  1.77032691
-0.78100000  1.76866865
-0.78050000  1.76701053
-0.78000000  1.76535255
-0.77950000  1.76369470
-0.77900000  1.76203698
-0.77850000  1.76037937
-0.77800000  1.75872188
-0.77750000  1.75706450
-0.77700000  1.75540722
-0.77650000  1.75375003
-0.77600000  1.75209293
-0.77550000  1.75043592
-0.77500000  1.74877898
-0.77450000  1.74712212
-0.77400000  1.74546532
-0.77350000  1.74380858
-0.77300000  1.74215190
-0.77250000  1.74049526
-0.77200000  1.73883867
-0.77150000  1.73718212
-0.77100000  1.73552560
-0.77050000  1.73386911
-0.77000000  1.73221264
-0.76950000  1.73055619
-0.76900000  1.72889975
-0.76850000  1.72724332
-0.76800000  1.72558689
-0.76750000  1.72393045
-0.76700000  1.72227401
-0.76650000  1.72061755
-0.76600000  1.71896108
-0.76550000  1.71730458
-0.76500000  1.71564805
-0.76450000  1.71399149
-0.76400000  1.71233489
-0.76350000  1.71067825
-0.76300000  1.70902156
-0.76250000  1.70736481
-0.76200000  1.70570802
-0.76150000  1.70405115
-0.76100000  1.70239423
-0.76050000  1.70073723
-0.76000000  1.69908016
-0.75950000  1.69742301
-0.75900000  1.69576577
-0.75850000  1.69410845
-0.75800000  1.69245103
-0.75750000  1.69079352
-0.75700000  1.68913590
-0.75650000  1.68747819
-0.75600000  1.68582036
-0.75550000  1.68416241
-0.75500000  1.68250435
-0.75450000  1.68084617
-0.75400000  1.67918787
-0.75350000  1.67752943
-0.75300000  1.67587086
-0.75250000  1.67421215
-0.75200000  1.67255330
-0.75150000  1.67089430
-0.75100000  1.66923516
-0.75050000  1.66757586
-0.75000000  1.66591641
-0.74950000  1.66425679
-0.74900000  1.66259701
-0.74850000  1.66093706
-0.74800000  1.65927695
-0.74750000  1.65761665
-0.74700000  1.65595618
-0.74650000  1.65429553
-0.74600000  1.65263469
-0.74550000  1.65097366
-0.74500000  1.64931244
-0.74450000  1.64765102
-0.74400000  1.64598941
-0.74350000  1.64432759
-0.74300000  1.64266556
-0.74250000  1.64100333
-0.74200000  1.63934088
-0.74150000  1.63767822
-0.74100000  1.63601534
-0.74050000  1.63435224
-0.74000000  1.63268891
-0.73950000  1.63102535
-0.73900000  1.62936157
-0.73850000  1.62769754
-0.73800000  1.62603328
-0.73750000  1.62436879
-0.73700000  1.62270404
-0.73650000  1.62103905
-0.73600000  1.61937382
-0.73550000  1.61770832
-0.73500000  1.61604258
-0.73450000  1.61437658
-0.73400000  1.61271031
-0.73350000  1.61104379
-0.73300000  1.60937699
-0.73250000  1.60770993
-0.73200000  1.60604260
-0.73150000  1.60437499
-0.73100000  1.60270711
-0.73050000  1.60103894
-0.73000000  1.59937050
-0.72950000  1.59770177
-0.72900000  1.59603275
-0.72850000  1.59436344
-0.72800000  1.59269385
-0.72750000  1.59102395
-0.72700000  1.58935376
-0.72650000  1.58768327
-0.72600000  1.58601248
-0.72550000  1.58434138
-0.72500000  1.58266998
-0.72450000  1.58099827
-0.72400000  1.57932624
-0.72350000  1.57765391
-0.72300000  1.57598125
-0.72250000  1.57430828
-0.72200000  1.57263499
-0.72150000  1.57096138
-0.72100000  1.56928744
-0.72050000  1.56761317
-0.72000000  1.56593858
-0.71950000  1.56426365
-0.71900000  1.56258840
-0.71850000  1.56091280
-0.71800000  1.55923687
-0.71750000  1.55756060
-0.71700000  1.55588399
-0.71650000  1.55420704
-0.71600000  1.55252974
-0.71550000  1.55085209
-0.71500000  1.54917409
-0.71450000  1.54749575
-0.71400000  1.54581705
-0.71350000  1.54413799
-0.71300000  1.54245858
-0.71250000  1.54077881
-0.71200000  1.53909868
-0.71150000  1.53741819
-0.71100000  1.53573734
-0.71050000  1.53405612
-0.71000000  1.53237453
-0.70950000  1.53069257
-0.70900000  1.52901024
-0.70850000  1.52732754
-0.70800000  1.52564447
-0.70750000  1.52396102
-0.70700000  1.52227720
-0.70650000  1.52059299
-0.70600000  1.51890841
-0.70550000  1.51722344
-0.70500000  1.51553809
-0.70450000  1.51385236
-0.70400000  1.51216624
-0.70350000  1.51047973
-0.70300000  1.50879283
-0.70250000  1.50710554
-0.70200000  1.50541786
-0.70150000  1.50372979
-0.70100000  1.50204132
-0.70050000  1.50035245
-0.70000000  1.49866319
-0.69950000  1.49697353
-0.69900000  1.49528347
-0.69850000  1.49359300
-0.69800000  1.49190213
-0.69750000  1.49021086
-0.69700000  1.48851919
-0.69650000  1.48682710
-0.69600000  1.48513461
-0.69550000  1.48344171
-0.69500000  1.48174840
-0.69450000  1.48005468
-0.69400000  1.47836054
-0.69350000  1.47666599
-0.69300000  1.47497103
-0.69250000  1.47327565
-0.69200000  1.47157985
-0.69150000  1.46988363
-0.69100000  1.46818700
-0.69050000  1.46648994
-0.69000000  1.46479247
-0.68950000  1.46309457
-0.68900000  1.46139625
-0.68850000  1.45969750
-0.68800000  1.45799833
-0.68750000  1.45629873
-0.68700000  1.45459870
-0.68650000  1.45289825
-0.68600000  1.45119736
-0.68550000  1.44949605
-0.68500000  1.44779431
-0.68450000  1.44609213
-0.68400000  1.44438952
-0.68350000  1.44268648
-0.68300000  1.44098300
-0.68250000  1.43927909
-0.68200000  1.43757474
-0.68150000  1.43586995
-0.68100000  1.43416473
-0.68050000  1.43245907
-0.68000000  1.43075297
-0.67950000  1.42904643
-0.67900000  1.42733945
-0.67850000  1.42563203
-0.67800000  1.42392416
-0.67750000  1.42221586
-0.67700000  1.42050711
-0.67650000  1.41879791
-0.67600000  1.41708827
-0.67550000  1.41537819
-0.67500000  1.41366766
-0.67450000  1.41195668
-0.67400000  1.41024526
-0.67350000  1.40853339
-0.67300000  1.40682107
-0.67250000  1.40510830
-0.67200000  1.40339509
-0.67150000  1.40168142
-0.67100000  1.39996730
-0.67050000  1.39825273
-0.67000000  1.39653771
-0.66950000  1.39482224
-0.66900000  1.39310632
-0.66850000  1.39138994
-0.66800000  1.38967311
-0.66750000  1.38795583
-0.66700000  1.38623809
-0.66650000  1.38451990
-0.66600000  1.38280125
-0.66550000  1.38108215
-0.66500000  1.37936259
-0.66450000  1.37764258
-0.66400000  1.37592211
-0.66350000  1.37420118
-0.66300000  1.37247979
-0.66250000  1.37075795
-0.66200000  1.36903565
-0.66150000  1.36731290
-0.66100000  1.36558968
-0.66050000  1.36386601
-0.66000000  1.36214188
-0.65950000  1.36041728
-0.65900000  1.35869223
-0.65850000  1.35696672
-0.65800000  1.35524075
-0.65750000  1.35351432
-0.65700000  1.35178743
-0.65650000  1.35006008
-0.65600000  1.34833227
-0.65550000  1.34660400
-0.65500000  1.34487527
-0.65450000  1.34314607
-0.65400000  1.34141642
-0.65350000  1.33968630
-0.65300000  1.33795572
-0.65250000  1.33622469
-0.65200000  1.33449319
-0.65150000  1.33276122
-0.65100000  1.33102880
-0.65050000  1.32929592
-0.65000000  1.32756257
-0.64950000  1.32582876
-0.64900000  1.32409449
-0.64850000  1.32235976
-0.64800000  1.32062456
-0.64750000  1.31888891
-0.64700000  1.31715279
-0.64650000  1.31541621
-0.64600000  1.31367917
-0.64550000  1.31194167
-0.64500000  1.31020370
-0.64450000  1.30846527
-0.64400000  1.30672639
-0.64350000  1.30498704
-0.64300000  1.30324723
-0.64250000  1.30150695
-0.64200000  1.29976622
-0.64150000  1.29802502
-0.64100000  1.29628337
-0.64050000  1.29454125
-0.64000000  1.29279867
-0.63950000  1.29105563
-0.63900000  1.28931214
-0.63850000  1.28756818
-0.63800000  1.28582376
-0.63750000  1.28407888
-0.63700000  1.28233354
-0.63650000  1.28058774
-0.63600000  1.27884148
-0.63550000  1.27709477
-0.63500000  1.27534759
-0.63450000  1.27359996
-0.63400000  1.27185186
-0.63350000  1.27010331
-0.63300000  1.26835430
-0.63250000  1.26660484
-0.63200000  1.26485491
-0.63150000  1.26310453
-0.63100000  1.26135370
-0.63050000  1.25960240
-0.63000000  1.25785065
-0.62950000  1.25609845
-0.62900000  1.25434579
-0.62850000  1.25259267
-0.62800000  1.25083910
-0.62750000  1.24908507
-0.62700000  1.24733059
-0.62650000  1.24557566
-0.62600000  1.24382028
-0.62550000  1.24206444
-0.62500000  1.24030814
-0.62450000  1.23855140
-0.62400000  1.23679421
-0.62350000  1.23503656
-0.62300000  1.23327846
-0.62250000  1.23151991
-0.62200000  1.22976092
-0.62150000  1.22800147
-0.62100000  1.22624157
-0.62050000  1.22448123
-0.62000000  1.22272043
-0.61950000  1.22095919
-0.61900000  1.21919750
-0.61850000  1.21743537
-0.61800000  1.21567279
-0.61750000  1.21390976
-0.61700000  1.21214629
-0.61650000  1.21038238
-0.61600000  1.20861802
-0.61550000  1.20685321
-0.61500000  1.20508797
-0.61450000  1.20332228
-0.61400000  1.20155615
-0.61350000  1.19978958
-0.61300000  1.19802256
-0.61250000  1.19625511
-0.61200000  1.19448722
-0.61150000  1.19271889
-0.61100000  1.19095012
-0.61050000  1.18918091
-0.61000000  1.18741127
-0.60950000  1.18564119
-0.60900000  1.18387067
-0.60850000  1.18209972
-0.60800000  1.18032834
-0.60750000  1.17855652
-0.60700000  1.17678426
-0.60650000  1.17501158
-0.60600000  1.17323846
-0.60550000  1.17146491
-0.60500000  1.16969094
-0.60450000  1.16791653
-0.60400000  1.16614169
-0.60350000  1.16436643
-0.60300000  1.16259073
-0.60250000  1.16081461
-0.60200000  1.15903807
-0.60150000  1.15726110
-0.60100000  1.15548370
-0.60050000  1.15370588
-0.60000000  1.15192764
-0.59950000  1.15014897
-0.59900000  1.14836988
-0.59850000  1.14659038
-0.59800000  1.14481045
-0.59750000  1.14303010
-0.59700000  1.14124934
-0.59650000  1.13946815
-0.59600000  1.13768655
-0.59550000  1.13590454
-0.59500000  1.13412211
-0.59450000  1.13233926
-0.59400000  1.13055600
-0.59350000  1.12877233
-0.59300000  1.12698825
-0.59250000  1.12520375
-0.59200000  1.12341885
-0.59150000  1.12163353
-0.59100000  1.11984781
-0.59050000  1.11806168
-0.59000000  1.11627514
-0.58950000  1.11448820
-0.58900000  1.11270085
-0.58850000  1.11091310
-0.58800000  1.10912495
-0.58750000  1.10733639
-0.58700000  1.10554743
-0.58650000  1.10375808
-0.58600000  1.10196832
-0.58550000  1.10017816
-0.58500000  1.09838761
-0.58450000  1.09659666
-0.58400000  1.09480532
-0.58350000  1.09301358
-0.58300000  1.09122144
-0.58250000  1.08942892
-0.58200000  1.08763600
-0.58150000  1.08584269
-0.58100000  1.08404899
-0.58050000  1.08225491
-0.58000000  1.08046043
-0.57950000  1.07866557
-0.57900000  1.07687032
-0.57850000  1.07507469
-0.57800000  1.07327868
-0.57750000  1.07148228
-0.57700000  1.06968550
-0.57650000  1.06788834
-0.57600000  1.06609080
-0.57550000  1.06429288
-0.57500000  1.06249458
-0.57450000  1.06069591
-0.57400000  1.05889687
-0.57350000  1.05709744
-0.57300000  1.05529765
-0.57250000  1.05349748
-0.57200000  1.05169695
-0.57150000  1.04989604
-0.57100000  1.04809476
-0.57050000  1.04629312
-0.57000000  1.04449111
-0.56950000  1.04268873
-0.56900000  1.04088599
-0.56850000  1.03908289
-0.56800000  1.03727942
-0.56750000  1.03547560
-0.56700000  1.03367141
-0.56650000  1.03186687
-0.56600000  1.03006196
-0.56550000  1.02825670
-0.56500000  1.02645109
-0.56450000  1.02464512
-0.56400000  1.02283880
-0.56350000  1.02103213
-0.56300000  1.01922511
-0.56250000  1.01741773
-0.56200000  1.01561001
-0.56150000  1.01380195
-0.56100000  1.01199353
-0.56050000  1.01018478
-0.56000000  1.00837567
-0.55950000  1.00656623
-0.55900000  1.00475645
-0.55850000  1.00294632
-0.55800000  1.00113586
-0.55750000  0.99932506
-0.55700000  0.99751393
-0.55650000  0.99570246
-0.55600000  0.99389065
-0.55550000  0.99207852
-0.55500000  0.99026605
-0.55450000  0.98845326
-0.55400000  0.98664013
-0.55350000  0.98482668
-0.55300000  0.98301290
-0.55250000  0.98119880
-0.55200000  0.97938437
-0.55150000  0.97756963
-0.55100000  0.97575456
-0.55050000  0.97393917
-0.55000000  0.97212346
-0.54950000  0.97030744
-0.54900000  0.96849110
-0.54850000  0.96667445
-0.54800000  0.96485748
-0.54750000  0.96304021
-0.54700000  0.96122262
-0.54650000  0.95940472
-0.54600000  0.95758652
-0.54550000  0.95576801
-0.54500000  0.95394919
-0.54450000  0.95213007
-0.54400000  0.95031065
-0.54350000  0.94849093
-0.54300000  0.94667091
-0.54250000  0.94485059
-0.54200000  0.94302998
-0.54150000  0.94120906
-0.54100000  0.93938786
-0.54050000  0.93756636
-0.54000000  0.93574457
-0.53950000  0.93392249
-0.53900000  0.93210013
-0.53850000  0.93027747
-0.53800000  0.92845453
-0.53750000  0.92663131
-0.53700000  0.92480780
-0.53650000  0.92298402
-0.53600000  0.92115995
-0.53550000  0.91933560
-0.53500000  0.91751098
-0.53450000  0.91568608
-0.53400000  0.91386091
-0.53350000  0.91203546
-0.53300000  0.91020974
-0.53250000  0.90838376
-0.53200000  0.90655750
-0.53150000  0.90473098
-0.53100000  0.90290419
-0.53050000  0.90107714
-0.53000000  0.89924983
-0.52950000  0.89742225
-0.52900000  0.89559442
-0.52850000  0.89376632
-0.52800000  0.89193798
-0.52750000  0.89010937
-0.52700000  0.88828051
-0.52650000  0.88645140
-0.52600000  0.88462204
-0.52550000  0.88279243
-0.52500000  0.88096257
-0.52450000  0.87913247
-0.52400000  0.87730212
-0.52350000  0.87547153
-0.52300000  0.87364070
-0.52250000  0.87180963
-0.52200000  0.86997832
-0.52150000  0.86814677
-0.52100000  0.86631498
-0.52050000  0.86448297
-0.52000000  0.86265072
-0.51950000  0.86081824
-0.51900000  0.85898553
-0.51850000  0.85715259
-0.51800000  0.85531943
-0.51750000  0.85348604
-0.51700000  0.85165243
-0.51650000  0.84981860
-0.51600000  0.84798454
-0.51550000  0.84615027
-0.51500000  0.84431579
-0.51450000  0.84248108
-0.51400000  0.84064617
-0.51350000  0.83881104
-0.51300000  0.83697570
-0.51250000  0.83514016
-0.51200000  0.83330441
-0.51150000  0.83146845
-0.51100000  0.82963228
-0.51050000  0.82779592
-0.51000000  0.82595935
-0.50950000  0.82412259
-0.50900000  0.82228563
-0.50850000  0.82044847
-0.50800000  0.81861112
-0.50750000  0.81677357
-0.50700000  0.81493584
-0.50650000  0.81309792
-0.50600000  0.81125980
-0.50550000  0.80942151
-0.50500000  0.80758302
-0.50450000  0.80574436
-0.50400000  0.80390551
-0.50350000  0.80206649
-0.50300000  0.80022729
-0.50250000  0.79838791
-0.50200000  0.79654836
-0.50150000  0.79470863
-0.50100000  0.79286873
-0.50050000  0.79102867
-0.50000000  0.78918844
-0.49950000  0.78734804
-0.49900000  0.78550747
-0.49850000  0.78366675
-0.49800000  0.78182586
-0.49750000  0.77998481
-0.49700000  0.77814361
-0.49650000  0.77630225
-0.49600000  0.77446074
-0.49550000  0.77261907
-0.49500000  0.77077726
-0.49450000  0.76893529
-0.49400000  0.76709318
-0.49350000  0.76525092
-0.49300000  0.76340852
-0.49250000  0.76156598
-0.49200000  0.75972330
-0.49150000  0.75788048
-0.49100000  0.75603752
-0.49050000  0.75419442
-0.49000000  0.75235120
-0.48950000  0.75050784
-0.48900000  0.74866435
-0.48850000  0.74682073
-0.48800000  0.74497699
-0.48750000  0.74313312
-0.48700000  0.74128913
-0.48650000  0.73944502
-0.48600000  0.73760079
-0.48550000  0.73575644
-0.48500000  0.73391198
-0.48450000  0.73206740
-0.48400000  0.73022271
-0.48350000  0.72837791
-0.48300000  0.72653301
-0.48250000  0.72468799
-0.48200000  0.72284287
-0.48150000  0.72099765
-0.48100000  0.71915232
-0.48050000  0.71730690
-0.48000000  0.71546138
-0.47950000  0.71361576
-0.47900000  0.71177004
-0.47850000  0.70992424
-0.47800000  0.70807834
-0.47750000  0.70623236
-0.47700000  0.70438629
-0.47650000  0.70254013
-0.47600000  0.70069389
-0.47550000  0.69884757
-0.47500000  0.69700117
-0.47450000  0.69515469
-0.47400000  0.69330813
-0.47350000  0.69146151
-0.47300000  0.68961480
-0.47250000  0.68776803
-0.47200000  0.68592119
-0.47150000  0.68407428
-0.47100000  0.68222731
-0.47050000  0.68038028
-0.47000000  0.67853318
-0.46950000  0.67668602
-0.46900000  0.67483881
-0.46850000  0.67299154
-0.46800000  0.67114422
-0.46750000  0.66929684
-0.46700000  0.66744941
-0.46650000  0.66560194
-0.46600000  0.66375442
-0.46550000  0.66190686
-0.46500000  0.66005925
-0.46450000  0.65821160
-0.46400000  0.65636391
-0.46350000  0.65451619
-0.46300000  0.65266843
-0.46250000  0.65082064
-0.46200000  0.64897281
-0.46150000  0.64712496
-0.46100000  0.64527708
-0.46050000  0.64342917
-0.46000000  0.64158124
-0.45950000  0.63973329
-0.45900000  0.63788532
-0.45850000  0.63603733
-0.45800000  0.63418933
-0.45750000  0.63234131
-0.45700000  0.63049327
-0.45650000  0.62864523
-0.45600000  0.62679718
-0.45550000  0.62494912
-0.45500000  0.62310106
-0.45450000  0.62125300
-0.45400000  0.61940493
-0.45350000  0.61755687
-0.45300000  0.61570881
-0.45250000  0.61386075
-0.45200000  0.61201270
-0.45150000  0.61016466
-0.45100000  0.60831663
-0.45050000  0.60646861
-0.45000000  0.60462061
-0.44950000  0.60277263
-0.44900000  0.60092466
-0.44850000  0.59907671
-0.44800000  0.59722879
-0.44750000  0.59538089
-0.44700000  0.59353302
-0.44650000  0.59168518
-0.44600000  0.58983736
-0.44550000  0.58798958
-0.44500000  0.58614184
-0.44450000  0.58429412
-0.44400000  0.58244645
-0.44350000  0.58059882
-0.44300000  0.57875123
-0.44250000  0.57690368
-0.44200000  0.57505619
-0.44150000  0.57320873
-0.44100000  0.57136133
-0.44050000  0.56951398
-0.44000000  0.56766669
-0.43950000  0.56581945
-0.43900000  0.56397227
-0.43850000  0.56212515
-0.43800000  0.56027809
-0.43750000  0.55843109
-0.43700000  0.55658416
-0.43650000  0.55473730
-0.43600000  0.55289051
-0.43550000  0.55104379
-0.43500000  0.54919715
-0.43450000  0.54735058
-0.43400000  0.54550409
-0.43350000  0.54365768
-0.43300000  0.54181135
-0.43250000  0.53996511
-0.43200000  0.53811895
-0.43150000  0.53627288
-0.43100000  0.53442690
-0.43050000  0.53258101
-0.43000000  0.53073522
-0.42950000  0.52888952
-0.42900000  0.52704392
-0.42850000  0.52519842
-0.42800000  0.52335302
-0.42750000  0.52150773
-0.42700000  0.51966255
-0.42650000  0.51781747
-0.42600000  0.51597250
-0.42550000  0.51412765
-0.42500000  0.51228291
-0.42450000  0.51043828
-0.42400000  0.50859378
-0.42350000  0.50674939
-0.42300000  0.50490513
-0.42250000  0.50306100
-0.42200000  0.50121699
-0.42150000  0.49937310
-0.42100000  0.49752935
-0.42050000  0.49568574
-0.42000000  0.49384225
-0.41950000  0.49199891
-0.41900000  0.49015570
-0.41850000  0.48831264
-0.41800000  0.48646971
-0.41750000  0.48462694
-0.41700000  0.48278431
-0.41650000  0.48094183
-0.41600000  0.47909950
-0.41550000  0.47725733
-0.41500000  0.47541531
-0.41450000  0.47357344
-0.41400000  0.47173174
-0.41350000  0.46989020
-0.41300000  0.46804883
-0.41250000  0.46620762
-0.41200000  0.46436658
-0.41150000  0.46252570
-0.41100000  0.46068500
-0.41050000  0.45884448
-0.41000000  0.45700413
-0.40950000  0.45516396
-0.40900000  0.45332397
-0.40850000  0.45148417
-0.40800000  0.44964454
-0.40750000  0.44780511
-0.40700000  0.44596586
-0.40650000  0.44412681
-0.40600000  0.44228795
-0.40550000  0.44044928
-0.40500000  0.43861081
-0.40450000  0.43677254
-0.40400000  0.43493447
-0.40350000  0.43309661
-0.40300000  0.43125895
-0.40250000  0.42942150
-0.40200000  0.42758426
-0.40150000  0.42574723
-0.40100000  0.42391042
-0.40050000  0.42207382
-0.40000000  0.42023744
-0.39950000  0.41840128
-0.39900000  0.41656534
-0.39850000  0.41472963
-0.39800000  0.41289415
-0.39750000  0.41105889
-0.39700000  0.40922387
-0.39650000  0.40738907
-0.39600000  0.40555452
-0.39550000  0.40372020
-0.39500000  0.40188612
-0.39450000  0.40005228
-0.39400000  0.39821869
-0.39350000  0.39638534
-0.39300000  0.39455225
-0.39250000  0.39271940
-0.39200000  0.39088680
-0.39150000  0.38905446
-0.39100000  0.38722237
-0.39050000  0.38539055
-0.39000000  0.38355898
-0.38950000  0.38172768
-0.38900000  0.37989664
-0.38850000  0.37806588
-0.38800000  0.37623538
-0.38750000  0.37440515
-0.38700000  0.37257519
-0.38650000  0.37074551
-0.38600000  0.36891611
-0.38550000  0.36708699
-0.38500000  0.36525816
-0.38450000  0.36342960
-0.38400000  0.36160134
-0.38350000  0.35977336
-0.38300000  0.35794567
-0.38250000  0.35611828
-0.38200000  0.35429118
-0.38150000  0.35246438
-0.38100000  0.35063788
-0.38050000  0.34881168
-0.38000000  0.34698578
-0.37950000  0.34516019
-0.37900000  0.34333491
-0.37850000  0.34150994
-0.37800000  0.33968528
-0.37750000  0.33786094
-0.37700000  0.33603691
-0.37650000  0.33421320
-0.37600000  0.33238981
-0.37550000  0.33056675
-0.37500000  0.32874401
-0.37450000  0.32692160
-0.37400000  0.32509952
-0.37350000  0.32327777
-0.37300000  0.32145636
-0.37250000  0.31963528
-0.37200000  0.31781454
-0.37150000  0.31599414
-0.37100000  0.31417409
-0.37050000  0.31235438
-0.37000000  0.31053501
-0.36950000  0.30871600
-0.36900000  0.30689734
-0.36850000  0.30507903
-0.36800000  0.30326108
-0.36750000  0.30144348
-0.36700000  0.29962625
-0.36650000  0.29780938
-0.36600000  0.29599287
-0.36550000  0.29417673
-0.36500000  0.29236096
-0.36450000  0.29054556
-0.36400000  0.28873053
-0.36350000  0.28691588
-0.36300000  0.28510160
-0.36250000  0.28328771
-0.36200000  0.28147420
-0.36150000  0.27966107
-0.36100000  0.27784833
-0.36050000  0.27603598
-0.36000000  0.27422402
-0.35950000  0.27241245
-0.35900000  0.27060127
-0.35850000  0.26879050
-0.35800000  0.26698012
-0.35750000  0.26517015
-0.35700000  0.26336058
-0.35650000  0.26155141
-0.35600000  0.25974266
-0.35550000  0.25793431
-0.35500000  0.25612638
-0.35450000  0.25431886
-0.35400000  0.25251176
-0.35350000  0.25070508
-0.35300000  0.24889882
-0.35250000  0.24709298
-0.35200000  0.24528757
-0.35150000  0.24348259
-0.35100000  0.24167804
-0.35050000  0.23987392
-0.35000000  0.23807024
-0.34950000  0.23626699
-0.34900000  0.23446418
-0.34850000  0.23266182
-0.34800000  0.23085989
-0.34750000  0.22905842
-0.34700000  0.22725739
-0.34650000  0.22545681
-0.34600000  0.22365668
-0.34550000  0.22185701
-0.34500000  0.22005779
-0.34450000  0.21825903
-0.34400000  0.21646074
-0.34350000  0.21466291
-0.34300000  0.21286554
-0.34250000  0.21106864
-0.34200000  0.20927221
-0.34150000  0.20747625
-0.34100000  0.20568077
-0.34050000  0.20388576
-0.34000000  0.20209124
-0.33950000  0.20029719
-0.33900000  0.19850363
-0.33850000  0.19671055
-0.33800000  0.19491796
-0.33750000  0.19312586
-0.33700000  0.19133425
-0.33650000  0.18954314
-0.33600000  0.18775252
-0.33550000  0.18596240
-0.33500000  0.18417278
-0.33450000  0.18238367
-0.33400000  0.18059506
-0.33350000  0.17880696
-0.33300000  0.17701937
-0.33250000  0.17523228
-0.33200000  0.17344572
-0.33150000  0.17165967
-0.33100000  0.16987414
-0.33050000  0.16808913
-0.33000000  0.16630464
-0.32950000  0.16452068
-0.32900000  0.16273724
-0.32850000  0.16095434
-0.32800000  0.15917196
-0.32750000  0.15739012
-0.32700000  0.15560882
-0.32650000  0.15382805
-0.32600000  0.15204783
-0.32550000  0.15026815
-0.32500000  0.14848901
-0.32450000  0.14671042
-0.32400000  0.14493239
-0.32350000  0.14315490
-0.32300000  0.14137796
-0.32250000  0.13960159
-0.32200000  0.13782577
-0.32150000  0.13605051
-0.32100000  0.13427581
-0.32050000  0.13250168
-0.32000000  0.13072812
-0.31950000  0.12895513
-0.31900000  0.12718270
-0.31850000  0.12541086
-0.31800000  0.12363958
-0.31750000  0.12186889
-0.31700000  0.12009878
-0.31650000  0.11832925
-0.31600000  0.11656030
-0.31550000  0.11479194
-0.31500000  0.11302417
-0.31450000  0.11125699
-0.31400000  0.10949041
-0.31350000  0.10772442
-0.31300000  0.10595903
-0.31250000  0.10419425
-0.31200000  0.10243006
-0.31150000  0.10066648
-0.31100000  0.09890350
-0.31050000  0.09714114
-0.31000000  0.09537938
-0.30950000  0.09361824
-0.30900000  0.09185772
-0.30850000  0.09009781
-0.30800000  0.08833853
-0.30750000  0.08657987
-0.30700000  0.08482183
-0.30650000  0.08306442
-0.30600000  0.08130764
-0.30550000  0.07955149
-0.30500000  0.07779597
-0.30450000  0.07604109
-0.30400000  0.07428685
-0.30350000  0.07253324
-0.30300000  0.07078028
-0.30250000  0.06902797
-0.30200000  0.06727630
-0.30150000  0.06552528
-0.30100000  0.06377491
-0.30050000  0.06202520
-0.30000000  0.06027614
-0.29950000  0.05852774
-0.29900000  0.05678000
-0.29850000  0.05503292
-0.29800000  0.05328651
-0.29750000  0.05154076
-0.29700000  0.04979568
-0.29650000  0.04805128
-0.29600000  0.04630754
-0.29550000  0.04456449
-0.29500000  0.04282211
-0.29450000  0.04108041
-0.29400000  0.03933939
-0.29350000  0.03759906
-0.29300000  0.03585941
-0.29250000  0.03412045
-0.29200000  0.03238219
-0.29150000  0.03064461
-0.29100000  0.02890774
-0.29050000  0.02717156
-0.29000000  0.02543608
-0.28950000  0.02370130
-0.28900000  0.02196722
-0.28850000  0.02023386
-0.28800000  0.01850120
-0.28750000  0.01676925
-0.28700000  0.01503802
-0.28650000  0.01330750
-0.28600000  0.01157770
-0.28550000  0.00984861
-0.28500000  0.00812025
-0.28450000  0.00639262
-0.28400000  0.00466571
-0.28350000  0.00293953
-0.28300000  0.00121408
-0.28250000  -0.00051064
-0.28200000  -0.00223462
-0.28150000  -0.00395787
-0.28100000  -0.00568038
-0.28050000  -0.00740214
-0.28000000  -0.00912316
-0.27950000  -0.01084344
-0.27900000  -0.01256296
-0.27850000  -0.01428174
-0.27800000  -0.01599976
-0.27750000  -0.01771703
-0.27700000  -0.01943354
-0.27650000  -0.02114929
-0.27600000  -0.02286428
-0.27550000  -0.02457851
-0.27500000  -0.02629197
-0.27450000  -0.02800467
-0.27400000  -0.02971659
-0.27350000  -0.03142774
-0.27300000  -0.03313812
-0.27250000  -0.03484772
-0.27200000  -0.03655654
-0.27150000  -0.03826458
-0.27100000  -0.03997183
-0.27050000  -0.04167830
-0.27000000  -0.04338399
-0.26950000  -0.04508888
-0.26900000  -0.04679298
-0.26850000  -0.04849629
-0.26800000  -0.05019880
-0.26750000  -0.05190052
-0.26700000  -0.05360143
-0.26650000  -0.05530154
-0.26600000  -0.05700084
-0.26550000  -0.05869934
-0.26500000  -0.06039703
-0.26450000  -0.06209390
-0.26400000  -0.06378997
-0.26350000  -0.06548521
-0.26300000  -0.06717964
-0.26250000  -0.06887325
-0.26200000  -0.07056603
-0.26150000  -0.07225799
-0.26100000  -0.07394913
-0.26050000  -0.07563943
-0.26000000  -0.07732891
-0.25950000  -0.07901755
-0.25900000  -0.08070536
-0.25850000  -0.08239232
-0.25800000  -0.08407845
-0.25750000  -0.08576374
-0.25700000  -0.08744818
-0.25650000  -0.08913178
-0.25600000  -0.09081452
-0.25550000  -0.09249642
-0.25500000  -0.09417746
-0.25450000  -0.09585765
-0.25400000  -0.09753699
-0.25350000  -0.09921546
-0.25300000  -0.10089307
-0.25250000  -0.10256982
-0.25200000  -0.10424570
-0.25150000  -0.10592072
-0.25100000  -0.10759486
-0.25050000  -0.10926813
-0.25000000  -0.11094053
-0.24950000  -0.11261205
-0.24900000  -0.11428270
-0.24850000  -0.11595246
-0.24800000  -0.11762134
-0.24750000  -0.11928933
-0.24700000  -0.12095644
-0.24650000  -0.12262266
-0.24600000  -0.12428799
-0.24550000  -0.12595242
-0.24500000  -0.12761596
-0.24450000  -0.12927860
-0.24400000  -0.13094034
-0.24350000  -0.13260117
-0.24300000  -0.13426111
-0.24250000  -0.13592013
-0.24200000  -0.13757825
-0.24150000  -0.13923546
-0.24100000  -0.14089176
-0.24050000  -0.14254714
-0.24000000  -0.14420160
-0.23950000  -0.14585514
-0.23900000  -0.14750776
-0.23850000  -0.14915946
-0.23800000  -0.15081024
-0.23750000  -0.15246008
-0.23700000  -0.15410900
-0.23650000  -0.15575698
-0.23600000  -0.15740403
-0.23550000  -0.15905014
-0.23500000  -0.16069532
-0.23450000  -0.16233955
-0.23400000  -0.16398284
-0.23350000  -0.16562519
-0.23300000  -0.16726659
-0.23250000  -0.16890704
-0.23200000  -0.17054654
-0.23150000  -0.17218509
-0.23100000  -0.17382268
-0.23050000  -0.17545932
-0.23000000  -0.17709499
-0.22950000  -0.17872971
-0.22900000  -0.18036346
-0.22850000  -0.18199624
-0.22800000  -0.18362806
-0.22750000  -0.18525890
-0.22700000  -0.18688878
-0.22650000  -0.18851768
-0.22600000  -0.19014560
-0.22550000  -0.19177255
-0.22500000  -0.19339851
-0.22450000  -0.19502350
-0.22400000  -0.19664749
-0.22350000  -0.19827050
-0.22300000  -0.19989253
-0.22250000  -0.20151356
-0.22200000  -0.20313360
-0.22150000  -0.20475264
-0.22100000  -0.20637069
-0.22050000  -0.20798773
-0.22000000  -0.20960378
-0.21950000  -0.21121882
-0.21900000  -0.21283285
-0.21850000  -0.21444588
-0.21800000  -0.21605790
-0.21750000  -0.21766891
-0.21700000  -0.21927890
-0.21650000  -0.22088788
-0.21600000  -0.22249584
-0.21550000  -0.22410278
-0.21500000  -0.22570870
-0.21450000  -0.22731359
-0.21400000  -0.22891746
-0.21350000  -0.23052030
-0.21300000  -0.23212210
-0.21250000  -0.23372288
-0.21200000  -0.23532262
-0.21150000  -0.23692132
-0.21100000  -0.23851899
-0.21050000  -0.24011562
-0.21000000  -0.24171120
-0.20950000  -0.24330574
-0.20900000  -0.24489923
-0.20850000  -0.24649167
-0.20800000  -0.24808306
-0.20750000  -0.24967340
-0.20700000  -0.25126268
-0.20650000  -0.25285091
-0.20600000  -0.25443807
-0.20550000  -0.25602418
-0.20500000  -0.25760922
-0.20450000  -0.25919320
-0.20400000  -0.26077611
-0.20350000  -0.26235795
-0.20300000  -0.26393872
-0.20250000  -0.26551841
-0.20200000  -0.26709703
-0.20150000  -0.26867457
-0.20100000  -0.27025104
-0.20050000  -0.27182642
-0.20000000  -0.27340072
-0.19950000  -0.27497393
-0.19900000  -0.27654605
-0.19850000  -0.27811709
-0.19800000  -0.27968703
-0.19750000  -0.28125588
-0.19700000  -0.28282364
-0.19650000  -0.28439029
-0.19600000  -0.28595585
-0.19550000  -0.28752030
-0.19500000  -0.28908365
-0.19450000  -0.29064590
-0.19400000  -0.29220704
-0.19350000  -0.29376707
-0.19300000  -0.29532598
-0.19250000  -0.29688378
-0.19200000  -0.29844047
-0.19150000  -0.29999604
-0.19100000  -0.30155049
-0.19050000  -0.30310382
-0.19000000  -0.30465602
-0.18950000  -0.30620710
-0.18900000  -0.30775705
-0.18850000  -0.30930587
-0.18800000  -0.31085356
-0.18750000  -0.31240011
-0.18700000  -0.31394553
-0.18650000  -0.31548981
-0.18600000  -0.31703295
-0.18550000  -0.31857496
-0.18500000  -0.32011581
-0.18450000  -0.32165552
-0.18400000  -0.32319409
-0.18350000  -0.32473150
-0.18300000  -0.32626776
-0.18250000  -0.32780287
-0.18200000  -0.32933683
-0.18150000  -0.33086962
-0.18100000  -0.33240126
-0.18050000  -0.33393174
-0.18000000  -0.33546105
-0.17950000  -0.33698919
-0.17900000  -0.33851617
-0.17850000  -0.34004199
-0.17800000  -0.34156663
-0.17750000  -0.34309009
-0.17700000  -0.34461238
-0.17650000  -0.34613350
-0.17600000  -0.34765343
-0.17550000  -0.34917219
-0.17500000  -0.35068976
-0.17450000  -0.35220615
-0.17400000  -0.35372135
-0.17350000  -0.35523536
-0.17300000  -0.35674818
-0.17250000  -0.35825981
-0.17200000  -0.35977025
-0.17150000  -0.36127949
-0.17100000  -0.36278753
-0.17050000  -0.36429437
-0.17000000  -0.36580001
-0.16950000  -0.36730444
-0.16900000  -0.36880767
-0.16850000  -0.37030969
-0.16800000  -0.37181050
-0.16750000  -0.37331010
-0.16700000  -0.37480848
-0.16650000  -0.37630565
-0.16600000  -0.37780161
-0.16550000  -0.37929634
-0.16500000  -0.38078985
-0.16450000  -0.38228214
-0.16400000  -0.38377321
-0.16350000  -0.38526304
-0.16300000  -0.38675165
-0.16250000  -0.38823903
-0.16200000  -0.38972517
-0.16150000  -0.39121008
-0.16100000  -0.39269376
-0.16050000  -0.39417619
-0.16000000  -0.39565739
-0.15950000  -0.39713734
-0.15900000  -0.39861605
-0.15850000  -0.40009352
-0.15800000  -0.40156973
-0.15750000  -0.40304470
-0.15700000  -0.40451842
-0.15650000  -0.40599088
-0.15600000  -0.40746208
-0.15550000  -0.40893203
-0.15500000  -0.41040073
-0.15450000  -0.41186816
-0.15400000  -0.41333432
-0.15350000  -0.41479923
-0.15300000  -0.41626286
-0.15250000  -0.41772523
-0.15200000  -0.41918633
-0.15150000  -0.42064616
-0.15100000  -0.42210471
-0.15050000  -0.42356199
-0.15000000  -0.42501799
-0.14950000  -0.42647271
-0.14900000  -0.42792615
-0.14850000  -0.42937831
-0.14800000  -0.43082918
-0.14750000  -0.43227877
-0.14700000  -0.43372707
-0.14650000  -0.43517408
-0.14600000  -0.43661979
-0.14550000  -0.43806421
-0.14500000  -0.43950734
-0.14450000  -0.44094917
-0.14400000  -0.44238970
-0.14350000  -0.44382892
-0.14300000  -0.44526685
-0.14250000  -0.44670347
-0.14200000  -0.44813878
-0.14150000  -0.44957279
-0.14100000  -0.45100548
-0.14050000  -0.45243687
-0.14000000  -0.45386694
-0.13950000  -0.45529569
-0.13900000  -0.45672313
-0.13850000  -0.45814924
-0.13800000  -0.45957404
-0.13750000  -0.46099751
-0.13700000  -0.46241966
-0.13650000  -0.46384048
-0.13600000  -0.46525998
-0.13550000  -0.46667814
-0.13500000  -0.46809498
-0.13450000  -0.46951048
-0.13400000  -0.47092464
-0.13350000  -0.47233747
-0.13300000  -0.47374896
-0.13250000  -0.47515911
-0.13200000  -0.47656791
-0.13150000  -0.47797537
-0.13100000  -0.47938149
-0.13050000  -0.48078626
-0.13000000  -0.48218968
-0.12950000  -0.48359175
-0.12900000  -0.48499246
-0.12850000  -0.48639182
-0.12800000  -0.48778983
-0.12750000  -0.48918647
-0.12700000  -0.49058176
-0.12650000  -0.49197569
-0.12600000  -0.49336825
-0.12550000  -0.49475945
-0.12500000  -0.49614928
-0.12450000  -0.49753774
-0.12400000  -0.49892483
-0.12350000  -0.50031055
-0.12300000  -0.50169490
-0.12250000  -0.50307787
-0.12200000  -0.50445946
-0.12150000  -0.50583968
-0.12100000  -0.50721851
-0.12050000  -0.50859597
-0.12000000  -0.50997203
-0.11950000  -0.51134672
-0.11900000  -0.51272001
-0.11850000  -0.51409192
-0.11800000  -0.51546244
-0.11750000  -0.51683156
-0.11700000  -0.51819929
-0.11650000  -0.51956563
-0.11600000  -0.52093056
-0.11550000  -0.52229410
-0.11500000  -0.52365624
-0.11450000  -0.52501697
-0.11400000  -0.52637630
-0.11350000  -0.52773423
-0.11300000  -0.52909074
-0.11250000  -0.53044585
-0.11200000  -0.53179955
-0.11150000  -0.53315183
-0.11100000  -0.53450270
-0.11050000  -0.53585215
-0.11000000  -0.53720019
-0.10950000  -0.53854681
-0.10900000  -0.53989201
-0.10850000  -0.54123578
-0.10800000  -0.54257813
-0.10750000  -0.54391905
-0.10700000  -0.54525855
-0.10650000  -0.54659662
-0.10600000  -0.54793326
-0.10550000  -0.54926846
-0.10500000  -0.55060223
-0.10450000  -0.55193457
-0.10400000  -0.55326547
-0.10350000  -0.55459493
-0.10300000  -0.55592295
-0.10250000  -0.55724952
-0.10200000  -0.55857466
-0.10150000  -0.55989835
-0.10100000  -0.56122059
-0.10050000  -0.56254138
-0.10000000  -0.56386072
-0.09950000  -0.56517861
-0.09900000  -0.56649505
-0.09850000  -0.56781004
-0.09800000  -0.56912356
-0.09750000  -0.57043563
-0.09700000  -0.57174624
-0.09650000  -0.57305539
-0.09600000  -0.57436307
-0.09550000  -0.57566929
-0.09500000  -0.57697404
-0.09450000  -0.57827733
-0.09400000  -0.57957915
-0.09350000  -0.58087949
-0.09300000  -0.58217837
-0.09250000  -0.58347577
-0.09200000  -0.58477169
-0.09150000  -0.58606614
-0.09100000  -0.58735911
-0.09050000  -0.58865060
-0.09000000  -0.58994061
-0.08950000  -0.59122913
-0.08900000  -0.59251617
-0.08850000  -0.59380173
-0.08800000  -0.59508579
-0.08750000  -0.59636837
-0.08700000  -0.59764945
-0.08650000  -0.59892905
-0.08600000  -0.60020714
-0.08550000  -0.60148375
-0.08500000  -0.60275885
-0.08450000  -0.60403246
-0.08400000  -0.60530457
-0.08350000  -0.60657517
-0.08300000  -0.60784428
-0.08250000  -0.60911188
-0.08200000  -0.61037797
-0.08150000  -0.61164255
-0.08100000  -0.61290563
-0.08050000  -0.61416719
-0.08000000  -0.61542724
-0.07950000  -0.61668578
-0.07900000  -0.61794281
-0.07850000  -0.61919831
-0.07800000  -0.62045230
-0.07750000  -0.62170477
-0.07700000  -0.62295572
-0.07650000  -0.62420514
-0.07600000  -0.62545305
-0.07550000  -0.62669942
-0.07500000  -0.62794427
-0.07450000  -0.62918759
-0.07400000  -0.63042938
-0.07350000  -0.63166964
-0.07300000  -0.63290837
-0.07250000  -0.63414556
-0.07200000  -0.63538122
-0.07150000  -0.63661534
-0.07100000  -0.63784792
-0.07050000  -0.63907896
-0.07000000  -0.64030846
-0.06950000  -0.64153641
-0.06900000  -0.64276282
-0.06850000  -0.64398769
-0.06800000  -0.64521101
-0.06750000  -0.64643278
-0.06700000  -0.64765300
-0.06650000  -0.64887167
-0.06600000  -0.65008878
-0.06550000  -0.65130434
-0.06500000  -0.65251835
-0.06450000  -0.65373080
-0.06400000  -0.65494168
-0.06350000  -0.65615101
-0.06300000  -0.65735878
-0.06250000  -0.65856499
-0.06200000  -0.65976963
-0.06150000  -0.66097270
-0.06100000  -0.66217421
-0.06050000  -0.66337415
-0.06000000  -0.66457252
-0.05950000  -0.66576932
-0.05900000  -0.66696455
-0.05850000  -0.66815820
-0.05800000  -0.66935028
-0.05750000  -0.67054078
-0.05700000  -0.67172970
-0.05650000  -0.67291704
-0.05600000  -0.67410281
-0.05550000  -0.67528699
-0.05500000  -0.67646959
-0.05450000  -0.67765060
-0.05400000  -0.67883002
-0.05350000  -0.68000786
-0.05300000  -0.68118411
-0.05250000  -0.68235877
-0.05200000  -0.68353184
-0.05150000  -0.68470332
-0.05100000  -0.68587320
-0.05050000  -0.68704148
-0.05000000  -0.68820817
-0.04950000  -0.68937326
-0.04900000  -0.69053676
-0.04850000  -0.69169865
-0.04800000  -0.69285894
-0.04750000  -0.69401762
-0.04700000  -0.69517470
-0.04650000  -0.69633018
-0.04600000  -0.69748404
-0.04550000  -0.69863630
-0.04500000  -0.69978695
-0.04450000  -0.70093599
-0.04400000  -0.70208342
-0.04350000  -0.70322923
-0.04300000  -0.70437342
-0.04250000  -0.70551600
-0.04200000  -0.70665697
-0.04150000  -0.70779631
-0.04100000  -0.70893404
-0.04050000  -0.71007014
-0.04000000  -0.71120462
-0.03950000  -0.71233747
-0.03900000  -0.71346870
-0.03850000  -0.71459831
-0.03800000  -0.71572629
-0.03750000  -0.71685263
-0.03700000  -0.71797735
-0.03650000  -0.71910044
-0.03600000  -0.72022189
-0.03550000  -0.72134171
-0.03500000  -0.72245990
-0.03450000  -0.72357644
-0.03400000  -0.72469135
-0.03350000  -0.72580463
-0.03300000  -0.72691626
-0.03250000  -0.72802625
-0.03200000  -0.72913460
-0.03150000  -0.73024130
-0.03100000  -0.73134636
-0.03050000  -0.73244978
-0.03000000  -0.73355154
-0.02950000  -0.73465166
-0.02900000  -0.73575013
-0.02850000  -0.73684695
-0.02800000  -0.73794211
-0.02750000  -0.73903563
-0.02700000  -0.74012748
-0.02650000  -0.74121769
-0.02600000  -0.74230623
-0.02550000  -0.74339312
-0.02500000  -0.74447835
-0.02450000  -0.74556192
-0.02400000  -0.74664383
-0.02350000  -0.74772407
-0.02300000  -0.74880265
-0.02250000  -0.74987957
-0.02200000  -0.75095482
-0.02150000  -0.75202840
-0.02100000  -0.75310032
-0.02050000  -0.75417056
-0.02000000  -0.75523914
-0.01950000  -0.75630604
-0.01900000  -0.75737127
-0.01850000  -0.75843482
-0.01800000  -0.75949671
-0.01750000  -0.76055691
-0.01700000  -0.76161544
-0.01650000  -0.76267229
-0.01600000  -0.76372746
-0.01550000  -0.76478095
-0.01500000  -0.76583275
-0.01450000  -0.76688288
-0.01400000  -0.76793132
-0.01350000  -0.76897807
-0.01300000  -0.77002314
-0.01250000  -0.77106652
-0.01200000  -0.77210822
-0.01150000  -0.77314822
-0.01100000  -0.77418653
-0.01050000  -0.77522316
-0.01000000  -0.77625809
-0.00950000  -0.77729132
-0.00900000  -0.77832286
-0.00850000  -0.77935271
-0.00800000  -0.78038086
-0.00750000  -0.78140731
-0.00700000  -0.78243206
-0.00650000  -0.78345511
-0.00600000  -0.78447646
-0.00550000  -0.78549611
-0.00500000  -0.78651405
-0.00450000  -0.78753029
-0.00400000  -0.78854483
-0.00350000  -0.78955766
-0.00300000  -0.79056878
-0.00250000  -0.79157819
-0.00200000  -0.79258590
-0.00150000  -0.79359189
-0.00100000  -0.79459617
-0.00050000  -0.79559875
0.00000000  -0.79659960
0.00050000  -0.79759874
0.00100000  -0.79859617
0.00150000  -0.79959188
0.00200000  -0.80058588
0.00250000  -0.80157815
0.00300000  -0.80256871
0.00350000  -0.80355754
0.00400000  -0.80454466
0.00450000  -0.80553005
0.00500000  -0.80651372
0.00550000  -0.80749566
0.00600000  -0.80847588
0.00650000  -0.80945438
0.00700000  -0.81043114
0.00750000  -0.81140618
0.00800000  -0.81237949
0.00850000  -0.81335107
0.00900000  -0.81432092
0.00950000  -0.81528904
0.01000000  -0.81625542
0.01050000  -0.81722007
0.01100000  -0.81818299
0.01150000  -0.81914417
0.01200000  -0.82010361
0.01250000  -0.82106132
0.01300000  -0.82201728
0.01350000  -0.82297151
0.01400000  -0.82392400
0.01450000  -0.82487475
0.01500000  -0.82582375
0.01550000  -0.82677102
0.01600000  -0.82771654
0.01650000  -0.82866031
0.01700000  -0.82960234
0.01750000  -0.83054262
0.01800000  -0.83148116
0.01850000  -0.83241794
0.01900000  -0.83335298
0.01950000  -0.83428627
0.02000000  -0.83521781
0.02050000  -0.83614759
0.02100000  -0.83707563
0.02150000  -0.83800191
0.02200000  -0.83892643
0.02250000  -0.83984920
0.02300000  -0.84077022
0.02350000  -0.84168947
0.02400000  -0.84260697
0.02450000  -0.84352272
0.02500000  -0.84443670
0.02550000  -0.84534892
0.02600000  -0.84625938
0.02650000  -0.84716808
0.02700000  -0.84807502
0.02750000  -0.84898019
0.02800000  -0.84988360
0.02850000  -0.85078524
0.02900000  -0.85168512
0.02950000  -0.85258323
0.03000000  -0.85347958
0.03050000  -0.85437415
0.03100000  -0.85526696
0.03150000  -0.85615800
0.03200000  -0.85704727
0.03250000  -0.85793476
0.03300000  -0.85882048
0.03350000  -0.85970443
0.03400000  -0.86058661
0.03450000  -0.86146701
0.03500000  -0.86234564
0.03550000  -0.86322249
0.03600000  -0.86409756
0.03650000  -0.86497086
0.03700000  -0.86584238
0.03750000  -0.86671212
0.03800000  -0.86758008
0.03850000  -0.86844626
0.03900000  -0.86931065
0.03950000  -0.87017327
0.04000000  -0.87103410
0.04050000  -0.87189315
0.04100000  -0.87275042
0.04150000  -0.87360590
0.04200000  -0.87445959
0.04250000  -0.87531150
0.04300000  -0.87616162
0.04350000  -0.87700995
0.04400000  -0.87785650
0.04450000  -0.87870126
0.04500000  -0.87954422
0.04550000  -0.88038540
0.04600000  -0.88122478
0.04650000  -0.88206238
0.04700000  -0.88289818
0.04750000  -0.88373218
0.04800000  -0.88456440
0.04850000  -0.88539482
0.04900000  -0.88622344
0.04950000  -0.88705027
0.05000000  -0.88787530
0.05050000  -0.88869853
0.05100000  -0.88951997
0.05150000  -0.89033961
0.05200000  -0.89115744
0.05250000  -0.89197348
0.05300000  -0.89278772
0.05350000  -0.89360016
0.05400000  -0.89441079
0.05450000  -0.89521963
0.05500000  -0.89602666
0.05550000  -0.89683188
0.05600000  -0.89763531
0.05650000  -0.89843692
0.05700000  -0.89923674
0.05750000  -0.90003474
0.05800000  -0.90083094
0.05850000  -0.90162533
0.05900000  -0.90241792
0.05950000  -0.90320869
0.06000000  -0.90399766
0.06050000  -0.90478482
0.06100000  -0.90557017
0.06150000  -0.90635370
0.06200000  -0.90713543
0.06250000  -0.90791534
0.06300000  -0.90869344
0.06350000  -0.90946973
0.06400000  -0.91024421
0.06450000  -0.91101687
0.06500000  -0.91178771
0.06550000  -0.91255675
0.06600000  -0.91332396
0.06650000  -0.91408936
0.06700000  -0.91485294
0.06750000  -0.91561471
0.06800000  -0.91637465
0.06850000  -0.91713278
0.06900000  -0.91788909
0.06950000  -0.91864358
0.07000000  -0.91939625
0.07050000  -0.92014710
0.07100000  -0.92089613
0.07150000  -0.92164334
0.07200000  -0.92238872
0.07250000  -0.92313229
0.07300000  -0.92387403
0.07350000  -0.92461394
0.07400000  -0.92535204
0.07450000  -0.92608830
0.07500000  -0.92682275
0.07550000  -0.92755537
0.07600000  -0.92828616
0.07650000  -0.92901513
0.07700000  -0.92974226
0.07750000  -0.93046758
0.07800000  -0.93119106
0.07850000  -0.93191272
0.07900000  -0.93263254
0.07950000  -0.93335054
0.08000000  -0.93406671
0.08050000  -0.93478105
0.08100000  -0.93549356
0.08150000  -0.93620424
0.08200000  -0.93691308
0.08250000  -0.93762010
0.08300000  -0.93832528
0.08350000  -0.93902863
0.08400000  -0.93973015
0.08450000  -0.94042984
0.08500000  -0.94112769
0.08550000  -0.94182370
0.08600000  -0.94251789
0.08650000  -0.94321023
0.08700000  -0.94390075
0.08750000  -0.94458942
0.08800000  -0.94527626
0.08850000  -0.94596127
0.08900000  -0.94664444
0.08950000  -0.94732577
0.09000000  -0.94800526
0.09050000  -0.94868291
0.09100000  -0.94935873
0.09150000  -0.95003271
0.09200000  -0.95070485
0.09250000  -0.95137515
0.09300000  -0.95204361
0.09350000  -0.95271023
0.09400000  -0.95337501
0.09450000  -0.95403795
0.09500000  -0.95469904
0.09550000  -0.95535830
0.09600000  -0.95601572
0.09650000  -0.95667129
0.09700000  -0.95732502
0.09750000  -0.95797691
0.09800000  -0.95862695
0.09850000  -0.95927516
0.09900000  -0.95992152
0.09950000  -0.96056603
0.10000000  -0.96120870
0.10050000  -0.96184953
0.10100000  -0.96248851
0.10150000  -0.96312565
0.10200000  -0.96376094
0.10250000  -0.96439438
0.10300000  -0.96502598
0.10350000  -0.96565574
0.10400000  -0.96628365
0.10450000  -0.96690971
0.10500000  -0.96753392
0.10550000  -0.96815629
0.10600000  -0.96877681
0.10650000  -0.96939548
0.10700000  -0.97001231
0.10750000  -0.97062728
0.10800000  -0.97124041
0.10850000  -0.97185169
0.10900000  -0.97246112
0.10950000  -0.97306870
0.11000000  -0.97367443
0.11050000  -0.97427832
0.11100000  -0.97488035
0.11150000  -0.97548054
0.11200000  -0.97607887
0.11250000  -0.97667535
0.11300000  -0.97726999
0.11350000  -0.97786277
0.11400000  -0.97845370
0.11450000  -0.97904278
0.11500000  -0.97963001
0.11550000  -0.98021539
0.11600000  -0.98079891
0.11650000  -0.98138059
0.11700000  -0.98196041
0.11750000  -0.98253838
0.11800000  -0.98311450
0.11850000  -0.98368877
0.11900000  -0.98426118
0.11950000  -0.98483174
0.12000000  -0.98540045
0.12050000  -0.98596730
0.12100000  -0.98653231
0.12150000  -0.98709546
0.12200000  -0.98765675
0.12250000  -0.98821619
0.12300000  -0.98877378
0.12350000  -0.98932952
0.12400000  -0.98988340
0.12450000  -0.99043542
0.12500000  -0.99098560
0.12550000  -0.99153391
0.12600000  -0.99208038
0.12650000  -0.99262499
0.12700000  -0.99316774
0.12750000  -0.99370864
0.12800000  -0.99424769
0.12850000  -0.99478488
0.12900000  -0.99532022
0.12950000  -0.99585370
0.13000000  -0.99638533
0.13050000  -0.99691510
0.13100000  -0.99744302
0.13150000  -0.99796908
0.13200000  -0.99849328
0.13250000  -0.99901563
0.13300000  -0.99953613
0.13350000  -1.00005477
0.13400000  -1.00057156
0.13450000  -1.00108649
0.13500000  -1.00159956
0.13550000  -1.00211078
0.13600000  -1.00262014
0.13650000  -1.00312765
0.13700000  -1.00363330
0.13750000  -1.00413710
0.13800000  -1.00463904
0.13850000  -1.00513912
0.13900000  -1.00563735
0.13950000  -1.00613373
0.14000000  -1.00662825
0.14050000  -1.00712091
0.14100000  -1.00761172
0.14150000  -1.00810067
0.14200000  -1.00858777
0.14250000  -1.00907301
0.14300000  -1.00955639
0.14350000  -1.01003792
0.14400000  -1.01051760
0.14450000  -1.01099542
0.14500000  -1.01147138
0.14550000  -1.01194549
0.14600000  -1.01241774
0.14650000  -1.01288814
0.14700000  -1.01335668
0.14750000  -1.01382337
0.14800000  -1.01428820
0.14850000  -1.01475118
0.14900000  -1.01521230
0.14950000  -1.01567157
0.15000000  -1.01612898
0.15050000  -1.01658454
0.15100000  -1.01703825
0.15150000  -1.01749010
0.15200000  -1.01794009
0.15250000  -1.01838823
0.15300000  -1.01883452
0.15350000  -1.01927895
0.15400000  -1.01972153
0.15450000  -1.02016226
0.15500000  -1.02060113
0.15550000  -1.02103815
0.15600000  -1.02147331
0.15650000  -1.02190662
0.15700000  -1.02233808
0.15750000  -1.02276768
0.15800000  -1.02319544
0.15850000  -1.02362133
0.15900000  -1.02404538
0.15950000  -1.02446757
0.16000000  -1.02488791
0.16050000  -1.02530640
0.16100000  -1.02572304
0.16150000  -1.02613783
0.16200000  -1.02655076
0.16250000  -1.02696184
0.16300000  -1.02737107
0.16350000  -1.02777845
0.16400000  -1.02818398
0.16450000  -1.02858766
0.16500000  -1.02898948
0.16550000  -1.02938946
0.16600000  -1.02978758
0.16650000  -1.03018386
0.16700000  -1.03057829
0.16750000  -1.03097086
0.16800000  -1.03136159
0.16850000  -1.03175047
0.16900000  -1.03213750
0.16950000  -1.03252268
0.17000000  -1.03290601
0.17050000  -1.03328749
0.17100000  -1.03366713
0.17150000  -1.03404491
0.17200000  -1.03442085
0.17250000  -1.03479494
0.17300000  -1.03516719
0.17350000  -1.03553759
0.17400000  -1.03590614
0.17450000  -1.03627285
0.17500000  -1.03663771
0.17550000  -1.03700072
0.17600000  -1.03736189
0.17650000  -1.03772121
0.17700000  -1.03807869
0.17750000  -1.03843432
0.17800000  -1.03878811
0.17850000  -1.03914006
0.17900000  -1.03949016
0.17950000  -1.03983841
0.18000000  -1.04018483
0.18050000  -1.04052940
0.18100000  -1.04087213
0.18150000  -1.04121302
0.18200000  -1.04155206
0.18250000  -1.04188926
0.18300000  -1.04222463
0.18350000  -1.04255815
0.18400000  -1.04288983
0.18450000  -1.04321967
0.18500000  -1.04354767
0.18550000  -1.04387383
0.18600000  -1.04419815
0.18650000  -1.04452063
0.18700000  -1.04484127
0.18750000  -1.04516008
0.18800000  -1.04547704
0.18850000  -1.04579217
0.18900000  -1.04610547
0.18950000  -1.04641692
0.19000000  -1.04672654
0.19050000  -1.04703433
0.19100000  -1.04734027
0.19150000  -1.04764439
0.19200000  -1.04794666
0.19250000  -1.04824711
0.19300000  -1.04854572
0.19350000  -1.04884249
0.19400000  -1.04913743
0.19450000  -1.04943054
0.19500000  -1.04972182
0.19550000  -1.05001127
0.19600000  -1.05029888
0.19650000  -1.05058466
0.19700000  -1.05086861
0.19750000  -1.05115074
0.19800000  -1.05143103
0.19850000  -1.05170949
0.19900000  -1.05198612
0.19950000  -1.05226093
0.20000000  -1.05253390
0.20050000  -1.05280505
0.20100000  -1.05307437
0.20150000  -1.05334187
0.20200000  -1.05360754
0.20250000  -1.05387138
0.20300000  -1.05413340
0.20350000  -1.05439359
0.20400000  -1.05465196
0.20450000  -1.05490850
0.20500000  -1.05516322
0.20550000  -1.05541612
0.20600000  -1.05566720
0.20650000  -1.05591645
0.20700000  -1.05616389
0.20750000  -1.05640950
0.20800000  -1.05665329
0.20850000  -1.05689526
0.20900000  -1.05713541
0.20950000  -1.05737374
0.21000000  -1.05761026
0.21050000  -1.05784496
0.21100000  -1.05807784
0.21150000  -1.05830890
0.21200000  -1.05853815
0.21250000  -1.05876558
0.21300000  -1.05899119
0.21350000  -1.05921499
0.21400000  -1.05943698
0.21450000  -1.05965716
0.21500000  -1.05987552
0.21550000  -1.06009206
0.21600000  -1.06030680
0.21650000  -1.06051973
0.21700000  -1.06073084
0.21750000  -1.06094015
0.21800000  -1.06114764
0.21850000  -1.06135333
0.21900000  -1.06155721
0.21950000  -1.06175928
0.22000000  -1.06195954
0.22050000  -1.06215800
0.22100000  -1.06235465
0.22150000  -1.06254950
0.22200000  -1.06274254
0.22250000  -1.06293378
0.22300000  -1.06312321
0.22350000  -1.06331084
0.22400000  -1.06349667
0.22450000  -1.06368070
0.22500000  -1.06386292
0.22550000  -1.06404335
0.22600000  -1.06422198
0.22650000  -1.06439880
0.22700000  -1.06457383
0.22750000  -1.06474706
0.22800000  -1.06491850
0.22850000  -1.06508813
0.22900000  -1.06525598
0.22950000  -1.06542202
0.23000000  -1.06558628
0.23050000  -1.06574873
0.23100000  -1.06590940
0.23150000  -1.06606827
0.23200000  -1.06622535
0.23250000  -1.06638064
0.23300000  -1.06653414
0.23350000  -1.06668586
0.23400000  -1.06683578
0.23450000  -1.06698391
0.23500000  -1.06713026
0.23550000  -1.06727481
0.23600000  -1.06741759
0.23650000  -1.06755857
0.23700000  -1.06769778
0.23750000  -1.06783520
0.23800000  -1.06797083
0.23850000  -1.06810468
0.23900000  -1.06823676
0.23950000  -1.06836705
0.24000000  -1.06849556
0.24050000  -1.06862229
0.24100000  -1.06874724
0.24150000  -1.06887041
0.24200000  -1.06899181
0.24250000  -1.06911143
0.24300000  -1.06922927
0.24350000  -1.06934534
0.24400000  -1.06945963
0.24450000  -1.06957215
0.24500000  -1.06968290
0.24550000  -1.06979188
0.24600000  -1.06989908
0.24650000  -1.07000452
0.24700000  -1.07010818
0.24750000  -1.07021008
0.24800000  -1.07031021
0.24850000  -1.07040857
0.24900000  -1.07050517
0.24950000  -1.07060000
0.25000000  -1.07069306
0.25050000  -1.07078436
0.25100000  -1.07087390
0.25150000  -1.07096167
0.25200000  -1.07104769
0.25250000  -1.07113194
0.25300000  -1.07121443
0.25350000  -1.07129517
0.25400000  -1.07137414
0.25450000  -1.07145136
0.25500000  -1.07152683
0.25550000  -1.07160053
0.25600000  -1.07167249
0.25650000  -1.07174268
0.25700000  -1.07181113
0.25750000  -1.07187782
0.25800000  -1.07194276
0.25850000  -1.07200596
0.25900000  -1.07206740
0.25950000  -1.07212709
0.26000000  -1.07218504
0.26050000  -1.07224124
0.26100000  -1.07229569
0.26150000  -1.07234840
0.26200000  -1.07239936
0.26250000  -1.07244858
0.26300000  -1.07249606
0.26350000  -1.07254179
0.26400000  -1.07258579
0.26450000  -1.07262804
0.26500000  -1.07266856
0.26550000  -1.07270734
0.26600000  -1.07274438
0.26650000  -1.07277969
0.26700000  -1.07281326
0.26750000  -1.07284509
0.26800000  -1.07287520
0.26850000  -1.07290357
0.26900000  -1.07293021
0.26950000  -1.07295512
0.27000000  -1.07297830
0.27050000  -1.07299975
0.27100000  -1.07301948
0.27150000  -1.07303747
0.27200000  -1.07305375
0.27250000  -1.07306829
0.27300000  -1.07308112
0.27350000  -1.07309222
0.27400000  -1.07310160
0.27450000  -1.07310926
0.27500000  -1.07311520
0.27550000  -1.07311942
0.27600000  -1.07312192
0.27650000  -1.07312271
0.27700000  -1.07312178
0.27750000  -1.07311913
0.27800000  -1.07311477
0.27850000  -1.07310870
0.27900000  -1.07310092
0.27950000  -1.07309143
0.28000000  -1.07308023
0.28050000  -1.07306731
0.28100000  -1.07305270
0.28150000  -1.07303637
0.28200000  -1.07301834
0.28250000  -1.07299860
0.28300000  -1.07297716
0.28350000  -1.07295402
0.28400000  -1.07292918
0.28450000  -1.07290264
0.28500000  -1.07287439
0.28550000  -1.07284445
0.28600000  -1.07281282
0.28650000  -1.07277948
0.28700000  -1.07274445
0.28750000  -1.07270773
0.28800000  -1.07266931
0.28850000  -1.07262921
0.28900000  -1.07258741
0.28950000  -1.07254392
0.29000000  -1.07249874
0.29050000  -1.07245188
0.29100000  -1.07240333
0.29150000  -1.07235309
0.29200000  -1.07230118
0.29250000  -1.07224757
0.29300000  -1.07219229
0.29350000  -1.07213532
0.29400000  -1.07207668
0.29450000  -1.07201636
0.29500000  -1.07195435
0.29550000  -1.07189068
0.29600000  -1.07182532
0.29650000  -1.07175830
0.29700000  -1.07168960
0.29750000  -1.07161923
0.29800000  -1.07154719
0.29850000  -1.07147347
0.29900000  -1.07139809
0.29950000  -1.07132105
0.30000000  -1.07124233
0.30050000  -1.07116196
0.30100000  -1.07107992
0.30150000  -1.07099621
0.30200000  -1.07091085
0.30250000  -1.07082382
0.30300000  -1.07073514
0.30350000  -1.07064479
0.30400000  -1.07055279
0.30450000  -1.07045914
0.30500000  -1.07036383
0.30550000  -1.07026687
0.30600000  -1.07016825
0.30650000  -1.07006799
0.30700000  -1.06996608
0.30750000  -1.06986251
0.30800000  -1.06975730
0.30850000  -1.06965045
0.30900000  -1.06954195
0.30950000  -1.06943181
0.31000000  -1.06932002
0.31050000  -1.06920659
0.31100000  -1.06909153
0.31150000  -1.06897482
0.31200000  -1.06885648
0.31250000  -1.06873650
0.31300000  -1.06861489
0.31350000  -1.06849164
0.31400000  -1.06836676
0.31450000  -1.06824025
0.31500000  -1.06811211
0.31550000  -1.06798234
0.31600000  -1.06785095
0.31650000  -1.06771793
0.31700000  -1.06758328
0.31750000  -1.06744701
0.31800000  -1.06730912
0.31850000  -1.06716961
0.31900000  -1.06702847
0.31950000  -1.06688572
0.32000000  -1.06674136
0.32050000  -1.06659537
0.32100000  -1.06644777
0.32150000  -1.06629856
0.32200000  -1.06614774
0.32250000  -1.06599531
0.32300000  -1.06584126
0.32350000  -1.06568561
0.32400000  -1.06552836
0.32450000  -1.06536949
0.32500000  -1.06520903
0.32550000  -1.06504696
0.32600000  -1.06488329
0.32650000  -1.06471801
0.32700000  -1.06455115
0.32750000  -1.06438268
0.32800000  -1.06421262
0.32850000  -1.06404096
0.32900000  -1.06386771
0.32950000  -1.06369287
0.33000000  -1.06351643
0.33050000  -1.06333841
0.33100000  -1.06315880
0.33150000  -1.06297760
0.33200000  -1.06279482
0.33250000  -1.06261045
0.33300000  -1.06242451
0.33350000  -1.06223698
0.33400000  -1.06204787
0.33450000  -1.06185718
0.33500000  -1.06166492
0.33550000  -1.06147108
0.33600000  -1.06127566
0.33650000  -1.06107868
0.33700000  -1.06088012
0.33750000  -1.06067999
0.33800000  -1.06047830
0.33850000  -1.06027503
0.33900000  -1.06007020
0.33950000  -1.05986381
0.34000000  -1.05965586
0.34050000  -1.05944634
0.34100000  -1.05923526
0.34150000  -1.05902262
0.34200000  -1.05880843
0.34250000  -1.05859268
0.34300000  -1.05837538
0.34350000  -1.05815652
0.34400000  -1.05793612
0.34450000  -1.05771416
0.34500000  -1.05749065
0.34550000  -1.05726560
0.34600000  -1.05703900
0.34650000  -1.05681086
0.34700000  -1.05658118
0.34750000  -1.05634995
0.34800000  -1.05611718
0.34850000  -1.05588288
0.34900000  -1.05564704
0.34950000  -1.05540966
0.35000000  -1.05517075
0.35050000  -1.05493031
0.35100000  -1.05468833
0.35150000  -1.05444483
0.35200000  -1.05419980
0.35250000  -1.05395324
0.35300000  -1.05370516
0.35350000  -1.05345556
0.35400000  -1.05320443
0.35450000  -1.05295178
0.35500000  -1.05269762
0.35550000  -1.05244193
0.35600000  -1.05218473
0.35650000  -1.05192602
0.35700000  -1.05166579
0.35750000  -1.05140405
0.35800000  -1.05114081
0.35850000  -1.05087605
0.35900000  -1.05060979
0.35950000  -1.05034202
0.36000000  -1.05007275
0.36050000  -1.04980198
0.36100000  -1.04952970
0.36150000  -1.04925593
0.36200000  -1.04898066
0.36250000  -1.04870389
0.36300000  -1.04842563
0.36350000  -1.04814588
0.36400000  -1.04786464
0.36450000  -1.04758190
0.36500000  -1.04729768
0.36550000  -1.04701198
0.36600000  -1.04672478
0.36650000  -1.04643611
0.36700000  -1.04614595
0.36750000  -1.04585431
0.36800000  -1.04556120
0.36850000  -1.04526661
0.36900000  -1.04497054
0.36950000  -1.04467300
0.37000000  -1.04437398
0.37050000  -1.04407350
0.37100000  -1.04377155
0.37150000  -1.04346813
0.37200000  -1.04316324
0.37250000  -1.04285689
0.37300000  -1.04254908
0.37350000  -1.04223981
0.37400000  -1.04192907
0.37450000  -1.04161688
0.37500000  -1.04130324
0.37550000  -1.04098814
0.37600000  -1.04067159
0.37650000  -1.04035358
0.37700000  -1.04003413
0.37750000  -1.03971323
0.37800000  -1.03939089
0.37850000  -1.03906710
0.37900000  -1.03874186
0.37950000  -1.03841519
0.38000000  -1.03808708
0.38050000  -1.03775753
0.38100000  -1.03742654
0.38150000  -1.03709412
0.38200000  -1.03676026
0.38250000  -1.03642498
0.38300000  -1.03608827
0.38350000  -1.03575012
0.38400000  -1.03541056
0.38450000  -1.03506957
0.38500000  -1.03472715
0.38550000  -1.03438332
0.38600000  -1.03403806
0.38650000  -1.03369139
0.38700000  -1.03334330
0.38750000  -1.03299380
0.38800000  -1.03264289
0.38850000  -1.03229056
0.38900000  -1.03193683
0.38950000  -1.03158169
0.39000000  -1.03122515
0.39050000  -1.03086720
0.39100000  -1.03050785
0.39150000  -1.03014709
0.39200000  -1.02978494
0.39250000  -1.02942140
0.39300000  -1.02905646
0.39350000  -1.02869012
0.39400000  -1.02832239
0.39450000  -1.02795328
0.39500000  -1.02758277
0.39550000  -1.02721088
0.39600000  -1.02683761
0.39650000  -1.02646295
0.39700000  -1.02608691
0.39750000  -1.02570950
0.39800000  -1.02533070
0.39850000  -1.02495053
0.39900000  -1.02456898
0.39950000  -1.02418607
0.40000000  -1.02380178
0.40050000  -1.02341613
0.40100000  -1.02302910
0.40150000  -1.02264072
0.40200000  -1.02225097
0.40250000  -1.02185985
0.40300000  -1.02146738
0.40350000  -1.02107355
0.40400000  -1.02067837
0.40450000  -1.02028183
0.40500000  -1.01988394
0.40550000  -1.01948470
0.40600000  -1.01908411
0.40650000  -1.01868217
0.40700000  -1.01827889
0.40750000  -1.01787426
0.40800000  -1.01746829
0.40850000  -1.01706099
0.40900000  -1.01665234
0.40950000  -1.01624236
0.41000000  -1.01583105
0.41050000  -1.01541840
0.41100000  -1.01500443
0.41150000  -1.01458912
0.41200000  -1.01417249
0.41250000  -1.01375453
0.41300000  -1.01333525
0.41350000  -1.01291465
0.41400000  -1.01249273
0.41450000  -1.01206950
0.41500000  -1.01164495
0.41550000  -1.01121908
0.41600000  -1.01079190
0.41650000  -1.01036341
0.41700000  -1.00993362
0.41750000  -1.00950252
0.41800000  -1.00907011
0.41850000  -1.00863640
0.41900000  -1.00820140
0.41950000  -1.00776509
0.42000000  -1.00732749
0.42050000  -1.00688859
0.42100000  -1.00644840
0.42150000  -1.00600692
0.42200000  -1.00556415
0.42250000  -1.00512009
0.42300000  -1.00467474
0.42350000  -1.00422812
0.42400000  -1.00378021
0.42450000  -1.00333102
0.42500000  -1.00288056
0.42550000  -1.00242882
0.42600000  -1.00197581
0.42650000  -1.00152152
0.42700000  -1.00106597
0.42750000  -1.00060915
0.42800000  -1.00015106
0.42850000  -0.99969171
0.42900000  -0.99923109
0.42950000  -0.99876922
0.43000000  -0.99830609
0.43050000  -0.99784170
0.43100000  -0.99737606
0.43150000  -0.99690916
0.43200000  -0.99644102
0.43250000  -0.99597163
0.43300000  -0.99550099
0.43350000  -0.99502910
0.43400000  -0.99455598
0.43450000  -0.99408161
0.43500000  -0.99360601
0.43550000  -0.99312917
0.43600000  -0.99265110
0.43650000  -0.99217179
0.43700000  -0.99169125
0.43750000  -0.99120949
0.43800000  -0.99072650
0.43850000  -0.99024228
0.43900000  -0.98975684
0.43950000  -0.98927018
0.44000000  -0.98878231
0.44050000  -0.98829321
0.44100000  -0.98780291
0.44150000  -0.98731139
0.44200000  -0.98681866
0.44250000  -0.98632472
0.44300000  -0.98582957
0.44350000  -0.98533323
0.44400000  -0.98483567
0.44450000  -0.98433692
0.44500000  -0.98383698
0.44550000  -0.98333583
0.44600000  -0.98283349
0.44650000  -0.98232996
0.44700000  -0.98182524
0.44750000  -0.98131933
0.44800000  -0.98081224
0.44850000  -0.98030396
0.44900000  -0.97979450
0.44950000  -0.97928387
0.45000000  -0.97877205
0.45050000  -0.97825906
0.45100000  -0.97774489
0.45150000  -0.97722956
0.45200000  -0.97671305
0.45250000  -0.97619538
0.45300000  -0.97567654
0.45350000  -0.97515654
0.45400000  -0.97463538
0.45450000  -0.97411306
0.45500000  -0.97358959
0.45550000  -0.97306496
0.45600000  -0.97253917
0.45650000  -0.97201224
0.45700000  -0.97148416
0.45750000  -0.97095493
0.45800000  -0.97042456
0.45850000  -0.96989305
0.45900000  -0.96936039
0.45950000  -0.96882660
0.46000000  -0.96829168
0.46050000  -0.96775562
0.46100000  -0.96721843
0.46150000  -0.96668011
0.46200000  -0.96614066
0.46250000  -0.96560009
0.46300000  -0.96505839
0.46350000  -0.96451558
0.46400000  -0.96397164
0.46450000  -0.96342659
0.46500000  -0.96288043
0.46550000  -0.96233315
0.46600000  -0.96178477
0.46650000  -0.96123528
0.46700000  -0.96068468
0.46750000  -0.96013297
0.46800000  -0.95958017
0.46850000  -0.95902627
0.46900000  -0.95847127
0.46950000  -0.95791518
0.47000000  -0.95735799
0.47050000  -0.95679971
0.47100000  -0.95624035
0.47150000  -0.95567990
0.47200000  -0.95511837
0.47250000  -0.95455575
0.47300000  -0.95399206
0.47350000  -0.95342728
0.47400000  -0.95286144
0.47450000  -0.95229452
0.47500000  -0.95172653
0.47550000  -0.95115747
0.47600000  -0.95058735
0.47650000  -0.95001616
0.47700000  -0.94944391
0.47750000  -0.94887060
0.47800000  -0.94829623
0.47850000  -0.94772081
0.47900000  -0.94714434
0.47950000  -0.94656681
0.48000000  -0.94598824
0.48050000  -0.94540862
0.48100000  -0.94482796
0.48150000  -0.94424626
0.48200000  -0.94366351
0.48250000  -0.94307973
0.48300000  -0.94249492
0.48350000  -0.94190907
0.48400000  -0.94132219
0.48450000  -0.94073429
0.48500000  -0.94014535
0.48550000  -0.93955540
0.48600000  -0.93896442
0.48650000  -0.93837243
0.48700000  -0.93777942
0.48750000  -0.93718539
0.48800000  -0.93659035
0.48850000  -0.93599430
0.48900000  -0.93539725
0.48950000  -0.93479919
0.49000000  -0.93420012
0.49050000  -0.93360006
0.49100000  -0.93299900
0.49150000  -0.93239694
0.49200000  -0.93179389
0.49250000  -0.93118984
0.49300000  -0.93058481
0.49350000  -0.92997879
0.49400000  -0.92937178
0.49450000  -0.92876380
0.49500000  -0.92815483
0.49550000  -0.92754489
0.49600000  -0.92693397
0.49650000  -0.92632208
0.49700000  -0.92570921
0.49750000  -0.92509538
0.49800000  -0.92448059
0.49850000  -0.92386483
0.49900000  -0.92324810
0.49950000  -0.92263042
0.50000000  -0.92201179
0.50050000  -0.92139219
0.50100000  -0.92077165
0.50150000  -0.92015016
0.50200000  -0.91952772
0.50250000  -0.91890434
0.50300000  -0.91828001
0.50350000  -0.91765474
0.50400000  -0.91702854
0.50450000  -0.91640140
0.50500000  -0.91577333
0.50550000  -0.91514432
0.50600000  -0.91451439
0.50650000  -0.91388354
0.50700000  -0.91325176
0.50750000  -0.91261906
0.50800000  -0.91198544
0.50850000  -0.91135090
0.50900000  -0.91071545
0.50950000  -0.91007909
0.51000000  -0.90944182
0.51050000  -0.90880365
0.51100000  -0.90816456
0.51150000  -0.90752458
0.51200000  -0.90688370
0.51250000  -0.90624192
0.51300000  -0.90559925
0.51350000  -0.90495569
0.51400000  -0.90431123
0.51450000  -0.90366589
0.51500000  -0.90301966
0.51550000  -0.90237256
0.51600000  -0.90172457
0.51650000  -0.90107570
0.51700000  -0.90042596
0.51750000  -0.89977535
0.51800000  -0.89912387
0.51850000  -0.89847151
0.51900000  -0.89781830
0.51950000  -0.89716422
0.52000000  -0.89650928
0.52050000  -0.89585349
0.52100000  -0.89519683
0.52150000  -0.89453933
0.52200000  -0.89388097
0.52250000  -0.89322177
0.52300000  -0.89256172
0.52350000  -0.89190083
0.52400000  -0.89123910
0.52450000  -0.89057653
0.52500000  -0.88991313
0.52550000  -0.88924889
0.52600000  -0.88858382
0.52650000  -0.88791793
0.52700000  -0.88725120
0.52750000  -0.88658366
0.52800000  -0.88591529
0.52850000  -0.88524611
0.52900000  -0.88457611
0.52950000  -0.88390530
0.53000000  -0.88323368
0.53050000  -0.88256125
0.53100000  -0.88188802
0.53150000  -0.88121398
0.53200000  -0.88053915
0.53250000  -0.87986351
0.53300000  -0.87918708
0.53350000  -0.87850986
0.53400000  -0.87783185
0.53450000  -0.87715305
0.53500000  -0.87647346
0.53550000  -0.87579310
0.53600000  -0.87511195
0.53650000  -0.87443003
0.53700000  -0.87374733
0.53750000  -0.87306386
0.53800000  -0.87237962
0.53850000  -0.87169461
0.53900000  -0.87100884
0.53950000  -0.87032231
0.54000000  -0.86963502
0.54050000  -0.86894697
0.54100000  -0.86825816
0.54150000  -0.86756861
0.54200000  -0.86687831
0.54250000  -0.86618726
0.54300000  -0.86549546
0.54350000  -0.86480293
0.54400000  -0.86410966
0.54450000  -0.86341565
0.54500000  -0.86272091
0.54550000  -0.86202544
0.54600000  -0.86132924
0.54650000  -0.86063231
0.54700000  -0.85993467
0.54750000  -0.85923630
0.54800000  -0.85853722
0.54850000  -0.85783742
0.54900000  -0.85713690
0.54950000  -0.85643568
0.55000000  -0.85573376
0.55050000  -0.85503112
0.55100000  -0.85432779
0.55150000  -0.85362376
0.55200000  -0.85291903
0.55250000  -0.85221361
0.55300000  -0.85150750
0.55350000  -0.85080069
0.55400000  -0.85009321
0.55450000  -0.84938504
0.55500000  -0.84867619
0.55550000  -0.84796666
0.55600000  -0.84725646
0.55650000  -0.84654559
0.55700000  -0.84583405
0.55750000  -0.84512184
0.55800000  -0.84440896
0.55850000  -0.84369543
0.55900000  -0.84298124
0.55950000  -0.84226639
0.56000000  -0.84155089
0.56050000  -0.84083473
0.56100000  -0.84011793
0.56150000  -0.83940049
0.56200000  -0.83868240
0.56250000  -0.83796368
0.56300000  -0.83724431
0.56350000  -0.83652431
0.56400000  -0.83580369
0.56450000  -0.83508243
0.56500000  -0.83436055
0.56550000  -0.83363804
0.56600000  -0.83291492
0.56650000  -0.83219117
0.56700000  -0.83146681
0.56750000  -0.83074184
0.56800000  -0.83001626
0.56850000  -0.82929008
0.56900000  -0.82856329
0.56950000  -0.82783590
0.57000000  -0.82710791
0.57050000  -0.82637933
0.57100000  -0.82565015
0.57150000  -0.82492039
0.57200000  -0.82419004
0.57250000  -0.82345910
0.57300000  -0.82272758
0.57350000  -0.82199549
0.57400000  -0.82126282
0.57450000  -0.82052957
0.57500000  -0.81979576
0.57550000  -0.81906138
0.57600000  -0.81832643
0.57650000  -0.81759092
0.57700000  -0.81685486
0.57750000  -0.81611824
0.57800000  -0.81538106
0.57850000  -0.81464334
0.57900000  -0.81390507
0.57950000  -0.81316625
0.58000000  -0.81242689
0.58050000  -0.81168700
0.58100000  -0.81094656
0.58150000  -0.81020560
0.58200000  -0.80946410
0.58250000  -0.80872208
0.58300000  -0.80797954
0.58350000  -0.80723647
0.58400000  -0.80649288
0.58450000  -0.80574878
0.58500000  -0.80500417
0.58550000  -0.80425904
0.58600000  -0.80351341
0.58650000  -0.80276727
0.58700000  -0.80202064
0.58750000  -0.80127350
0.58800000  -0.80052587
0.58850000  -0.79977775
0.58900000  -0.79902914
0.58950000  -0.79828004
0.59000000  -0.79753046
0.59050000  -0.79678040
0.59100000  -0.79602986
0.59150000  -0.79527885
0.59200000  -0.79452736
0.59250000  -0.79377541
0.59300000  -0.79302299
0.59350000  -0.79227011
0.59400000  -0.79151676
0.59450000  -0.79076296
0.59500000  -0.79000871
0.59550000  -0.78925401
0.59600000  -0.78849885
0.59650000  -0.78774326
0.59700000  -0.78698722
0.59750000  -0.78623074
0.59800000  -0.78547383
0.59850000  -0.78471648
0.59900000  -0.78395871
0.59950000  -0.78320050
0.60000000  -0.78244188
0.60050000  -0.78168283
0.60100000  -0.78092336
0.60150000  -0.78016348
0.60200000  -0.77940319
0.60250000  -0.77864249
0.60300000  -0.77788139
0.60350000  -0.77711988
0.60400000  -0.77635797
0.60450000  -0.77559567
0.60500000  -0.77483297
0.60550000  -0.77406988
0.60600000  -0.77330641
0.60650000  -0.77254255
0.60700000  -0.77177831
0.60750000  -0.77101369
0.60800000  -0.77024870
0.60850000  -0.76948334
0.60900000  -0.76871761
0.60950000  -0.76795151
0.61000000  -0.76718505
0.61050000  -0.76641823
0.61100000  -0.76565105
0.61150000  -0.76488353
0.61200000  -0.76411565
0.61250000  -0.76334742
0.61300000  -0.76257886
0.61350000  -0.76180995
0.61400000  -0.76104070
0.61450000  -0.76027112
0.61500000  -0.75950121
0.61550000  -0.75873097
0.61600000  -0.75796041
0.61650000  -0.75718953
0.61700000  -0.75641832
0.61750000  -0.75564681
0.61800000  -0.75487498
0.61850000  -0.75410284
0.61900000  -0.75333040
0.61950000  -0.75255765
0.62000000  -0.75178461
0.62050000  -0.75101127
0.62100000  -0.75023764
0.62150000  -0.74946371
0.62200000  -0.74868951
0.62250000  -0.74791502
0.62300000  -0.74714025
0.62350000  -0.74636520
0.62400000  -0.74558988
0.62450000  -0.74481429
0.62500000  -0.74403844
0.62550000  -0.74326232
0.62600000  -0.74248594
0.62650000  -0.74170930
0.62700000  -0.74093242
0.62750000  -0.74015528
0.62800000  -0.73937789
0.62850000  -0.73860027
0.62900000  -0.73782240
0.62950000  -0.73704429
0.63000000  -0.73626595
0.63050000  -0.73548738
0.63100000  -0.73470859
0.63150000  -0.73392957
0.63200000  -0.73315033
0.63250000  -0.73237087
0.63300000  -0.73159120
0.63350000  -0.73081133
0.63400000  -0.73003124
0.63450000  -0.72925095
0.63500000  -0.72847046
0.63550000  -0.72768978
0.63600000  -0.72690890
0.63650000  -0.72612783
0.63700000  -0.72534657
0.63750000  -0.72456514
0.63800000  -0.72378352
0.63850000  -0.72300173
0.63900000  -0.72221976
0.63950000  -0.72143763
0.64000000  -0.72065533
0.64050000  -0.71987287
0.64100000  -0.71909025
0.64150000  -0.71830747
0.64200000  -0.71752454
0.64250000  -0.71674147
0.64300000  -0.71595825
0.64350000  -0.71517488
0.64400000  -0.71439138
0.64450000  -0.71360775
0.64500000  -0.71282398
0.64550000  -0.71204009
0.64600000  -0.71125607
0.64650000  -0.71047194
0.64700000  -0.70968768
0.64750000  -0.70890332
0.64800000  -0.70811884
0.64850000  -0.70733426
0.64900000  -0.70654958
0.64950000  -0.70576479
0.65000000  -0.70497991
0.65050000  -0.70419494
0.65100000  -0.70340989
0.65150000  -0.70262474
0.65200000  -0.70183952
0.65250000  -0.70105422
0.65300000  -0.70026884
0.65350000  -0.69948340
0.65400000  -0.69869789
0.65450000  -0.69791231
0.65500000  -0.69712668
0.65550000  -0.69634099
0.65600000  -0.69555525
0.65650000  -0.69476947
0.65700000  -0.69398363
0.65750000  -0.69319776
0.65800000  -0.69241185
0.65850000  -0.69162591
0.65900000  -0.69083993
0.65950000  -0.69005394
0.66000000  -0.68926792
0.66050000  -0.68848188
0.66100000  -0.68769582
0.66150000  -0.68690976
0.66200000  -0.68612369
0.66250000  -0.68533761
0.66300000  -0.68455154
0.66350000  -0.68376547
0.66400000  -0.68297941
0.66450000  -0.68219336
0.66500000  -0.68140732
0.66550000  -0.68062131
0.66600000  -0.67983532
0.66650000  -0.67904935
0.66700000  -0.67826342
0.66750000  -0.67747752
0.66800000  -0.67669166
0.66850000  -0.67590585
0.66900000  -0.67512008
0.66950000  -0.67433436
0.67000000  -0.67354869
0.67050000  -0.67276308
0.67100000  -0.67197754
0.67150000  -0.67119206
0.67200000  -0.67040665
0.67250000  -0.66962132
0.67300000  -0.66883606
0.67350000  -0.66805089
0.67400000  -0.66726580
0.67450000  -0.66648080
0.67500000  -0.66569589
0.67550000  -0.66491108
0.67600000  -0.66412638
0.67650000  -0.66334178
0.67700000  -0.66255729
0.67750000  -0.66177291
0.67800000  -0.66098866
0.67850000  -0.66020452
0.67900000  -0.65942051
0.67950000  -0.65863663
0.68000000  -0.65785289
0.68050000  -0.65706928
0.68100000  -0.65628582
0.68150000  -0.65550250
0.68200000  -0.65471933
0.68250000  -0.65393632
0.68300000  -0.65315347
0.68350000  -0.65237078
0.68400000  -0.65158826
0.68450000  -0.65080591
0.68500000  -0.65002374
0.68550000  -0.64924174
0.68600000  -0.64845993
0.68650000  -0.64767831
0.68700000  -0.64689688
0.68750000  -0.64611565
0.68800000  -0.64533462
0.68850000  -0.64455380
0.68900000  -0.64377318
0.68950000  -0.64299278
0.69000000  -0.64221260
0.69050000  -0.64143264
0.69100000  -0.64065291
0.69150000  -0.63987341
0.69200000  -0.63909415
0.69250000  -0.63831512
0.69300000  -0.63753634
0.69350000  -0.63675781
0.69400000  -0.63597953
0.69450000  -0.63520151
0.69500000  -0.63442376
0.69550000  -0.63364627
0.69600000  -0.63286905
0.69650000  -0.63209210
0.69700000  -0.63131544
0.69750000  -0.63053906
0.69800000  -0.62976297
0.69850000  -0.62898717
0.69900000  -0.62821167
0.69950000  -0.62743648
0.70000000  -0.62666159
0.70050000  -0.62588701
0.70100000  -0.62511275
0.70150000  -0.62433881
0.70200000  -0.62356520
0.70250000  -0.62279192
0.70300000  -0.62201897
0.70350000  -0.62124636
0.70400000  -0.62047409
0.70450000  -0.61970218
0.70500000  -0.61893062
0.70550000  -0.61815941
0.70600000  -0.61738857
0.70650000  -0.61661810
0.70700000  -0.61584800
0.70750000  -0.61507827
0.70800000  -0.61430893
0.70850000  -0.61353998
0.70900000  -0.61277142
0.70950000  -0.61200325
0.71000000  -0.61123549
0.71050000  -0.61046813
0.71100000  -0.60970118
0.71150000  -0.60893465
0.71200000  -0.60816854
0.71250000  -0.60740285
0.71300000  -0.60663760
0.71350000  -0.60587278
0.71400000  -0.60510840
0.71450000  -0.60434447
0.71500000  -0.60358099
0.71550000  -0.60281797
0.71600000  -0.60205540
0.71650000  -0.60129330
0.71700000  -0.60053167
0.71750000  -0.59977052
0.71800000  -0.59900985
0.71850000  -0.59824967
0.71900000  -0.59748997
0.71950000  -0.59673078
0.72000000  -0.59597208
0.72050000  -0.59521389
0.72100000  -0.59445622
0.72150000  -0.59369906
0.72200000  -0.59294242
0.72250000  -0.59218632
0.72300000  -0.59143074
0.72350000  -0.59067570
0.72400000  -0.58992121
0.72450000  -0.58916727
0.72500000  -0.58841388
0.72550000  -0.58766105
0.72600000  -0.58690878
0.72650000  -0.58615709
0.72700000  -0.58540597
0.72750000  -0.58465544
0.72800000  -0.58390549
0.72850000  -0.58315613
0.72900000  -0.58240737
0.72950000  -0.58165922
0.73000000  -0.58091167
0.73050000  -0.58016474
0.73100000  -0.57941843
0.73150000  -0.57867275
0.73200000  -0.57792770
0.73250000  -0.57718328
0.73300000  -0.57643951
0.73350000  -0.57569638
0.73400000  -0.57495391
0.73450000  -0.57421211
0.73500000  -0.57347096
0.73550000  -0.57273049
0.73600000  -0.57199070
0.73650000  -0.57125159
0.73700000  -0.57051317
0.73750000  -0.56977544
0.73800000  -0.56903841
0.73850000  -0.56830210
0.73900000  -0.56756649
0.73950000  -0.56683161
0.74000000  -0.56609744
0.74050000  -0.56536401
0.74100000  -0.56463132
0.74150000  -0.56389937
0.74200000  -0.56316817
0.74250000  -0.56243773
0.74300000  -0.56170804
0.74350000  -0.56097913
0.74400000  -0.56025099
0.74450000  -0.55952363
0.74500000  -0.55879705
0.74550000  -0.55807127
0.74600000  -0.55734629
0.74650000  -0.55662211
0.74700000  -0.55589874
0.74750000  -0.55517620
0.74800000  -0.55445447
0.74850000  -0.55373358
0.74900000  -0.55301353
0.74950000  -0.55229432
0.75000000  -0.55157596
0.75050000  -0.55085845
0.75100000  -0.55014182
0.75150000  -0.54942605
0.75200000  -0.54871116
0.75250000  -0.54799715
0.75300000  -0.54728403
0.75350000  -0.54657182
0.75400000  -0.54586050
0.75450000  -0.54515010
0.75500000  -0.54444061
0.75550000  -0.54373205
0.75600000  -0.54302442
0.75650000  -0.54231772
0.75700000  -0.54161198
0.75750000  -0.54090718
0.75800000  -0.54020335
0.75850000  -0.53950048
0.75900000  -0.53879858
0.75950000  -0.53809767
0.76000000  -0.53739774
0.76050000  -0.53669881
0.76100000  -0.53600088
0.76150000  -0.53530396
0.76200000  -0.53460806
0.76250000  -0.53391318
0.76300000  -0.53321933
0.76350000  -0.53252653
0.76400000  -0.53183476
0.76450000  -0.53114406
0.76500000  -0.53045441
0.76550000  -0.52976583
0.76600000  -0.52907833
0.76650000  -0.52839192
0.76700000  -0.52770659
0.76750000  -0.52702237
0.76800000  -0.52633925
0.76850000  -0.52565725
0.76900000  -0.52497637
0.76950000  -0.52429662
0.77000000  -0.52361801
0.77050000  -0.52294055
0.77100000  -0.52226425
0.77150000  -0.52158910
0.77200000  -0.52091513
0.77250000  -0.52024233
0.77300000  -0.51957073
0.77350000  -0.51890031
0.77400000  -0.51823111
0.77450000  -0.51756311
0.77500000  -0.51689633
0.77550000  -0.51623079
0.77600000  -0.51556648
0.77650000  -0.51490341
0.77700000  -0.51424160
0.77750000  -0.51358106
0.77800000  -0.51292178
0.77850000  -0.51226379
0.77900000  -0.51160708
0.77950000  -0.51095167
0.78000000  -0.51029757
0.78050000  -0.50964478
0.78100000  -0.50899331
0.78150000  -0.50834318
0.78200000  -0.50769439
0.78250000  -0.50704696
0.78300000  -0.50640088
0.78350000  -0.50575617
0.78400000  -0.50511284
0.78450000  -0.50447090
0.78500000  -0.50383036
0.78550000  -0.50319122
0.78600000  -0.50255350
0.78650000  -0.50191720
0.78700000  -0.50128234
0.78750000  -0.50064893
0.78800000  -0.50001696
0.78850000  -0.49938647
0.78900000  -0.49875744
0.78950000  -0.49812990
0.79000000  -0.49750386
0.79050000  -0.49687932
0.79100000  -0.49625629
0.79150000  -0.49563478
0.79200000  -0.49501481
0.79250000  -0.49439639
0.79300000  -0.49377951
0.79350000  -0.49316421
0.79400000  -0.49255047
0.79450000  -0.49193833
0.79500000  -0.49132777
0.79550000  -0.49071883
0.79600000  -0.49011150
0.79650000  -0.48950580
0.79700000  -0.48890174
0.79750000  -0.48829933
0.79800000  -0.48769858
0.79850000  -0.48709951
0.79900000  -0.48650211
0.79950000  -0.48590641
0.80000000  -0.48531242
0.80050000  -0.48472014
0.80100000  -0.48412958
0.80150000  -0.48354077
0.80200000  -0.48295371
0.80250000  -0.48236841
0.80300000  -0.48178489
0.80350000  -0.48120315
0.80400000  -0.48062321
0.80450000  -0.48004507
0.80500000  -0.47946876
0.80550000  -0.47889429
0.80600000  -0.47832166
0.80650000  -0.47775089
0.80700000  -0.47718198
0.80750000  -0.47661497
0.80800000  -0.47604984
0.80850000  -0.47548663
0.80900000  -0.47492533
0.80950000  -0.47436597
0.81000000  -0.47380856
0.81050000  -0.47325310
0.81100000  -0.47269962
0.81150000  -0.47214812
0.81200000  -0.47159862
0.81250000  -0.47105113
0.81300000  -0.47050567
0.81350000  -0.46996225
0.81400000  -0.46942088
0.81450000  -0.46888157
0.81500000  -0.46834435
0.81550000  -0.46780922
0.81600000  -0.46727620
0.81650000  -0.46674530
0.81700000  -0.46621654
0.81750000  -0.46568992
0.81800000  -0.46516548
0.81850000  -0.46464321
0.81900000  -0.46412314
0.81950000  -0.46360527
0.82000000  -0.46308963
0.82050000  -0.46257623
0.82100000  -0.46206509
0.82150000  -0.46155621
0.82200000  -0.46104962
0.82250000  -0.46054533
0.82300000  -0.46004335
0.82350000  -0.45954371
0.82400000  -0.45904642
0.82450000  -0.45855148
0.82500000  -0.45805893
0.82550000  -0.45756878
0.82600000  -0.45708103
0.82650000  -0.45659572
0.82700000  -0.45611285
0.82750000  -0.45563244
0.82800000  -0.45515451
0.82850000  -0.45467908
0.82900000  -0.45420616
0.82950000  -0.45373577
0.83000000  -0.45326792
0.83050000  -0.45280265
0.83100000  -0.45233996
0.83150000  -0.45187987
0.83200000  -0.45142239
0.83250000  -0.45096756
0.83300000  -0.45051538
0.83350000  -0.45006588
0.83400000  -0.44961907
0.83450000  -0.44917497
0.83500000  -0.44873360
0.83550000  -0.44829498
0.83600000  -0.44785913
0.83650000  -0.44742607
0.83700000  -0.44699582
0.83750000  -0.44656840
0.83800000  -0.44614382
0.83850000  -0.44572211
0.83900000  -0.44530330
0.83950000  -0.44488739
0.84000000  -0.44447441
0.84050000  -0.44406438
0.84100000  -0.44365733
0.84150000  -0.44325326
0.84200000  -0.44285222
0.84250000  -0.44245421
0.84300000  -0.44205925
0.84350000  -0.44166738
0.84400000  -0.44127861
0.84450000  -0.44089297
0.84500000  -0.44051047
0.84550000  -0.44013115
0.84600000  -0.43975502
0.84650000  -0.43938211
0.84700000  -0.43901243
0.84750000  -0.43864603
0.84800000  -0.43828291
0.84850000  -0.43792310
0.84900000  -0.43756663
0.84950000  -0.43721353
0.85000000  -0.43686381
0.85050000  -0.43651750
0.85100000  -0.43617463
0.85150000  -0.43583522
0.85200000  -0.43549931
0.85250000  -0.43516691
0.85300000  -0.43483805
0.85350000  -0.43451276
0.85400000  -0.43419106
0.85450000  -0.43387299
0.85500000  -0.43355857
0.85550000  -0.43324783
0.85600000  -0.43294079
0.85650000  -0.43263749
0.85700000  -0.43233795
0.85750000  -0.43204220
0.85800000  -0.43175028
0.85850000  -0.43146220
0.85900000  -0.43117801
0.85950000  -0.43089773
0.86000000  -0.43062139
0.86050000  -0.43034903
0.86100000  -0.43008066
0.86150000  -0.42981633
0.86200000  -0.42955607
0.86250000  -0.42929991
0.86300000  -0.42904788
0.86350000  -0.42880002
0.86400000  -0.42855635
0.86450000  -0.42831692
0.86500000  -0.42808175
0.86550000  -0.42785088
0.86600000  -0.42762434
0.86650000  -0.42740217
0.86700000  -0.42718441
0.86750000  -0.42697109
0.86800000  -0.42676224
0.86850000  -0.42655791
0.86900000  -0.42635813
0.86950000  -0.42616294
0.87000000  -0.42597238
0.87050000  -0.42578648
0.87100000  -0.42560528
0.87150000  -0.42542883
0.87200000  -0.42525715
0.87250000  -0.42509031
0.87300000  -0.42492832
0.87350000  -0.42477124
0.87400000  -0.42461910
0.87450000  -0.42447196
0.87500000  -0.42432984
0.87550000  -0.42419280
0.87600000  -0.42406088
0.87650000  -0.42393411
0.87700000  -0.42381256
0.87750000  -0.42369626
0.87800000  -0.42358525
0.87850000  -0.42347959
0.87900000  -0.42337932
0.87950000  -0.42328449
0.88000000  -0.42319514
0.88050000  -0.42311133
0.88100000  -0.42303311
0.88150000  -0.42296052
0.88200000  -0.42289361
0.88250000  -0.42283244
0.88300000  -0.42277706
0.88350000  -0.42272753
0.88400000  -0.42268388
0.88450000  -0.42264619
0.88500000  -0.42261450
0.88550000  -0.42258886
0.88600000  -0.42256934
0.88650000  -0.42255600
0.88700000  -0.42254888
0.88750000  -0.42254805
0.88800000  -0.42255356
0.88850000  -0.42256548
0.88900000  -0.42258387
0.88950000  -0.42260879
0.89000000  -0.42264030
0.89050000  -0.42267847
0.89100000  -0.42272335
0.89150000  -0.42277502
0.89200000  -0.42283354
0.89250000  -0.42289897
0.89300000  -0.42297139
0.89350000  -0.42305087
0.89400000  -0.42313746
0.89450000  -0.42323125
0.89500000  -0.42333231
0.89550000  -0.42344071
0.89600000  -0.42355652
0.89650000  -0.42367981
0.89700000  -0.42381067
0.89750000  -0.42394917
0.89800000  -0.42409539
0.89850000  -0.42424941
0.89900000  -0.42441131
0.89950000  -0.42458117
0.90000000  -0.42475908
0.90050000  -0.42494512
0.90100000  -0.42513937
0.90150000  -0.42534192
0.90200000  -0.42555286
0.90250000  -0.42577228
0.90300000  -0.42600028
0.90350000  -0.42623694
0.90400000  -0.42648235
0.90450000  -0.42673662
0.90500000  -0.42699984
0.90550000  -0.42727211
0.90600000  -0.42755353
0.90650000  -0.42784420
0.90700000  -0.42814422
0.90750000  -0.42845371
0.90800000  -0.42877276
0.90850000  -0.42910149
0.90900000  -0.42944000
0.90950000  -0.42978841
0.91000000  -0.43014684
0.91050000  -0.43051539
0.91100000  -0.43089419
0.91150000  -0.43128336
0.91200000  -0.43168302
0.91250000  -0.43209329
0.91300000  -0.43251430
0.91350000  -0.43294618
0.91400000  -0.43338906
0.91450000  -0.43384308
0.91500000  -0.43430836
0.91550000  -0.43478506
0.91600000  -0.43527330
0.91650000  -0.43577323
0.91700000  -0.43628500
0.91750000  -0.43680876
0.91800000  -0.43734466
0.91850000  -0.43789284
0.91900000  -0.43845348
0.91950000  -0.43902672
0.92000000  -0.43961274
0.92050000  -0.44021169
0.92100000  -0.44082375
0.92150000  -0.44144910
0.92200000  -0.44208789
0.92250000  -0.44274033
0.92300000  -0.44340658
0.92350000  -0.44408683
0.92400000  -0.44478128
0.92450000  -0.44549012
0.92500000  -0.44621355
0.92550000  -0.44695177
0.92600000  -0.44770498
0.92650000  -0.44847340
0.92700000  -0.44925724
0.92750000  -0.45005673
0.92800000  -0.45087208
0.92850000  -0.45170352
0.92900000  -0.45255129
0.92950000  -0.45341562
0.93000000  -0.45429677
0.93050000  -0.45519497
0.93100000  -0.45611049
0.93150000  -0.45704358
0.93200000  -0.45799452
0.93250000  -0.45896356
0.93300000  -0.45995100
0.93350000  -0.46095712
0.93400000  -0.46198220
0.93450000  -0.46302655
0.93500000  -0.46409047
0.93550000  -0.46517427
0.93600000  -0.46627827
0.93650000  -0.46740281
0.93700000  -0.46854820
0.93750000  -0.46971481
0.93800000  -0.47090297
0.93850000  -0.47211306
0.93900000  -0.47334543
0.93950000  -0.47460047
0.94000000  -0.47587857
0.94050000  -0.47718012
0.94100000  -0.47850553
0.94150000  -0.47985523
0.94200000  -0.48122963
0.94250000  -0.48262918
0.94300000  -0.48405434
0.94350000  -0.48550557
0.94400000  -0.48698335
0.94450000  -0.48848816
0.94500000  -0.49002052
0.94550000  -0.49158094
0.94600000  -0.49316995
0.94650000  -0.49478810
0.94700000  -0.49643595
0.94750000  -0.49811409
0.94800000  -0.49982311
0.94850000  -0.50156362
0.94900000  -0.50333626
0.94950000  -0.50514167
0.95000000  -0.50698054
0.95050000  -0.50885355
0.95100000  -0.51076141
0.95150000  -0.51270486
0.95200000  -0.51468466
0.95250000  -0.51670159
0.95300000  -0.51875645
0.95350000  -0.52085009
0.95400000  -0.52298336
0.95450000  -0.52515716
0.95500000  -0.52737239
0.95550000  -0.52963003
0.95600000  -0.53193103
0.95650000  -0.53427644
0.95700000  -0.53666729
0.95750000  -0.53910469
0.95800000  -0.54158976
0.95850000  -0.54412367
0.95900000  -0.54670764
0.95950000  -0.54934292
0.96000000  -0.55203083
0.96050000  -0.55477273
0.96100000  -0.55757001
0.96150000  -0.56042416
0.96200000  -0.56333669
0.96250000  -0.56630918
0.96300000  -0.56934329
0.96350000  -0.57244073
0.96400000  -0.57560329
0.96450000  -0.57883284
0.96500000  -0.58213132
0.96550000  -0.58550076
0.96600000  -0.58894328
0.96650000  -0.59246111
0.96700000  -0.59605654
0.96750000  -0.59973202
0.96800000  -0.60349006
0.96850000  -0.60733335
0.96900000  -0.61126465
0.96950000  -0.61528690
0.97000000  -0.61940316
0.97050000  -0.62361667
0.97100000  -0.62793082
0.97150000  -0.63234918
0.97200000  -0.63687552
0.97250000  -0.64151381
0.97300000  -0.64626823
0.97350000  -0.65114323
0.97400000  -0.65614347
0.97450000  -0.66127393
0.97500000  -0.66653985
0.97550000  -0.67194681
0.97600000  -0.67750074
0.97650000  -0.68320794
0.97700000  -0.68907512
0.97750000  -0.69510943
0.97800000  -0.70131853
0.97850000  -0.70771059
0.97900000  -0.71429436
0.97950000  -0.72107924
0.98000000  -0.72807532
0.98050000  -0.73529348
0.98100000  -0.74274542
0.98150000  -0.75044382
0.98200000  -0.75840239
0.98250000  -0.76663600
0.98300000  -0.77516083
0.98350000  -0.78399452
0.98400000  -0.79315635
0.98450000  -0.80266744
0.98500000  -0.81255099
0.98550000  -0.82283260
0.98600000  -0.83354056
0.98650000  -0.84470627
0.98700000  -0.85636469
0.98750000  -0.86855493
0.98800000  -0.88132090
0.98850000  -0.89471216
0.98900000  -0.90878491
0.98950000  -0.92360319
0.99000000  -0.93924051
0.99050000  -0.95578170
0.99100000  -0.97332543
0.99150000  -0.99198734
0.99200000  -1.01190420
0.99250000  -1.03323938
0.99300000  -1.05619015
0.99350000  -1.08099787
0.99400000  -1.10796204
0.99450000  -1.13746067
0.99500000  -1.16998033
0.99550000  -1.20616201
0.99600000  -1.24687431
0.99650000  -1.29333561
0.99700000  -1.34733122
0.99750000  -1.41163038
0.99800000  -1.49087475
0.99850000  -1.59377030
0.99900000  -1.73987260
0.99950000  -1.99161660
